 0.000067  0.000000
 0.000200  0.000000
 0.000333  0.000000
 0.000467  0.000000
 0.000600  0.000000
 0.000733  0.000000
 0.000867  0.000000
 0.001000  0.000000
 0.001133  0.000000
 0.001267  0.000000
 0.001400  0.000000
 0.001533  0.000000
 0.001667  0.000000
 0.001800  0.000000
 0.001933  0.000000
 0.002067  0.026496
 0.002200  0.028206
 0.002333  0.029915
 0.002467  0.031624
 0.002600  0.033334
 0.002733  0.035043
 0.002867  0.036753
 0.003000  0.038462
 0.003133  0.040172
 0.003267  0.041881
 0.003400  0.043590
 0.003533  0.045300
 0.003667  0.047009
 0.003800  0.048719
 0.003933  0.050428
 0.004067  0.053847
 0.004200  0.058975
 0.004333  0.064104
 0.004467  0.069232
 0.004600  0.074360
 0.004733  0.079489
 0.004867  0.084617
 0.005000  0.089745
 0.005133  0.098292
 0.005267  0.106839
 0.005400  0.115387
 0.005533  0.123934
 0.005667  0.132481
 0.005800  0.141028
 0.005933  0.149575
 0.006067  0.158122
 0.006200  0.166670
 0.006333  0.175217
 0.006467  0.183764
 0.006600  0.192311
 0.006733  0.200858
 0.006867  0.209405
 0.007000  0.217952
 0.007133  0.229918
 0.007267  0.241884
 0.007400  0.253850
 0.007533  0.265817
 0.007667  0.277783
 0.007800  0.289749
 0.007933  0.301715
 0.008067  0.317099
 0.008200  0.335903
 0.008333  0.354707
 0.008467  0.373511
 0.008600  0.392314
 0.008733  0.411118
 0.008867  0.429922
 0.009000  0.448726
 0.009133  0.447016
 0.009267  0.445307
 0.009400  0.443597
 0.009533  0.441888
 0.009667  0.440178
 0.009800  0.438469
 0.009933  0.436760
 0.010067  0.438640
 0.010200  0.444110
 0.010333  0.449580
 0.010467  0.455051
 0.010600  0.460521
 0.010733  0.465991
 0.010867  0.471461
 0.011000  0.476931
 0.011133  0.482401
 0.011267  0.487872
 0.011400  0.493342
 0.011533  0.498812
 0.011667  0.504282
 0.011800  0.509752
 0.011933  0.515222
 0.012067  0.520693
 0.012200  0.526163
 0.012333  0.531633
 0.012467  0.537103
 0.012600  0.542573
 0.012733  0.548044
 0.012867  0.553514
 0.013000  0.558984
 0.013133  0.564454
 0.013267  0.569924
 0.013400  0.575394
 0.013533  0.580865
 0.013667  0.586335
 0.013800  0.591805
 0.013933  0.597275
 0.014067  0.602745
 0.014200  0.608216
 0.014333  0.613686
 0.014467  0.619156
 0.014600  0.624626
 0.014733  0.630096
 0.014867  0.635566
 0.015000  0.641037
 0.015133  0.637960
 0.015267  0.634883
 0.015400  0.631806
 0.015533  0.628729
 0.015667  0.625652
 0.015800  0.622575
 0.015933  0.619498
 0.016067  0.616421
 0.016200  0.613344
 0.016333  0.610267
 0.016467  0.607190
 0.016600  0.604113
 0.016733  0.601036
 0.016867  0.597959
 0.017000  0.594882
 0.017133  0.591805
 0.017267  0.588728
 0.017400  0.585651
 0.017533  0.582574
 0.017667  0.579497
 0.017800  0.576420
 0.017933  0.573343
 0.018067  0.570266
 0.018200  0.567189
 0.018333  0.564112
 0.018467  0.561035
 0.018600  0.557958
 0.018733  0.554881
 0.018867  0.551804
 0.019000  0.548727
 0.019133  0.545650
 0.019267  0.542573
 0.019400  0.539496
 0.019533  0.536419
 0.019667  0.533342
 0.019800  0.530265
 0.019933  0.527188
 0.020067  0.524710
 0.020200  0.522829
 0.020333  0.520949
 0.020467  0.519069
 0.020600  0.517188
 0.020733  0.515308
 0.020867  0.513428
 0.021000  0.511547
 0.021133  0.509667
 0.021267  0.507786
 0.021400  0.505906
 0.021533  0.504026
 0.021667  0.502145
 0.021800  0.500265
 0.021933  0.498385
 0.022067  0.496504
 0.022200  0.494624
 0.022333  0.492743
 0.022467  0.490863
 0.022600  0.488983
 0.022733  0.487102
 0.022867  0.485222
 0.023000  0.483342
 0.023133  0.481461
 0.023267  0.479581
 0.023400  0.477700
 0.023533  0.475820
 0.023667  0.473940
 0.023800  0.472059
 0.023933  0.470179
 0.024067  0.468299
 0.024200  0.466418
 0.024333  0.464538
 0.024467  0.462657
 0.024600  0.460777
 0.024733  0.458897
 0.024867  0.457016
 0.025000  0.455136
 0.025133  0.453256
 0.025267  0.451375
 0.025400  0.449495
 0.025533  0.447614
 0.025667  0.445734
 0.025800  0.443854
 0.025933  0.441973
 0.026067  0.440093
 0.026200  0.438213
 0.026333  0.436332
 0.026467  0.434452
 0.026600  0.432571
 0.026733  0.430691
 0.026867  0.428811
 0.027000  0.426930
 0.027133  0.425050
 0.027267  0.423170
 0.027400  0.421289
 0.027533  0.419409
 0.027667  0.417529
 0.027800  0.415648
 0.027933  0.413768
 0.028067  0.411887
 0.028200  0.410007
 0.028333  0.408127
 0.028467  0.406246
 0.028600  0.404366
 0.028733  0.402486
 0.028867  0.400605
 0.029000  0.398725
 0.029133  0.396844
 0.029267  0.394964
 0.029400  0.393084
 0.029533  0.391203
 0.029667  0.389323
 0.029800  0.387443
 0.029933  0.385562
 0.030067  0.384536
 0.030200  0.384366
 0.030333  0.384195
 0.030467  0.384024
 0.030600  0.383853
 0.030733  0.383682
 0.030867  0.383511
 0.031000  0.383340
 0.031133  0.383169
 0.031267  0.382998
 0.031400  0.382827
 0.031533  0.382656
 0.031667  0.382485
 0.031800  0.382314
 0.031933  0.382143
 0.032067  0.381972
 0.032200  0.381801
 0.032333  0.381630
 0.032467  0.381460
 0.032600  0.381289
 0.032733  0.381118
 0.032867  0.380947
 0.033000  0.380776
 0.033133  0.380605
 0.033267  0.380434
 0.033400  0.380263
 0.033533  0.380092
 0.033667  0.379921
 0.033800  0.379750
 0.033933  0.379579
 0.034067  0.379408
 0.034200  0.379237
 0.034333  0.379066
 0.034467  0.378895
 0.034600  0.378724
 0.034733  0.378553
 0.034867  0.378383
 0.035000  0.378212
 0.035133  0.378041
 0.035267  0.377870
 0.035400  0.377699
 0.035533  0.377528
 0.035667  0.377357
 0.035800  0.377186
 0.035933  0.377015
 0.036067  0.376844
 0.036200  0.376673
 0.036333  0.376502
 0.036467  0.376331
 0.036600  0.376160
 0.036733  0.375989
 0.036867  0.375818
 0.037000  0.375647
 0.037133  0.375476
 0.037267  0.375306
 0.037400  0.375135
 0.037533  0.374964
 0.037667  0.374793
 0.037800  0.374622
 0.037933  0.374451
 0.038067  0.374280
 0.038200  0.374109
 0.038333  0.373938
 0.038467  0.373767
 0.038600  0.373596
 0.038733  0.373425
 0.038867  0.373254
 0.039000  0.373083
 0.039133  0.372912
 0.039267  0.372741
 0.039400  0.372570
 0.039533  0.372400
 0.039667  0.372229
 0.039800  0.372058
 0.039933  0.371887
 0.040067  0.371972
 0.040200  0.372314
 0.040333  0.372656
 0.040467  0.372998
 0.040600  0.373340
 0.040733  0.373682
 0.040867  0.374023
 0.041000  0.374365
 0.041133  0.374707
 0.041267  0.375049
 0.041400  0.375391
 0.041533  0.375733
 0.041667  0.376075
 0.041800  0.376417
 0.041933  0.376759
 0.042067  0.377100
 0.042200  0.377442
 0.042333  0.377784
 0.042467  0.378126
 0.042600  0.378468
 0.042733  0.378810
 0.042867  0.379152
 0.043000  0.379494
 0.043133  0.379836
 0.043267  0.380177
 0.043400  0.380519
 0.043533  0.380861
 0.043667  0.381203
 0.043800  0.381545
 0.043933  0.381887
 0.044067  0.382229
 0.044200  0.382571
 0.044333  0.382913
 0.044467  0.383254
 0.044600  0.383596
 0.044733  0.383938
 0.044867  0.384280
 0.045000  0.384622
 0.045133  0.384964
 0.045267  0.385306
 0.045400  0.385648
 0.045533  0.385989
 0.045667  0.386331
 0.045800  0.386673
 0.045933  0.387015
 0.046067  0.387357
 0.046200  0.387699
 0.046333  0.388041
 0.046467  0.388383
 0.046600  0.388725
 0.046733  0.389066
 0.046867  0.389408
 0.047000  0.389750
 0.047133  0.390092
 0.047267  0.390434
 0.047400  0.390776
 0.047533  0.391118
 0.047667  0.391460
 0.047800  0.391802
 0.047933  0.392143
 0.048067  0.392485
 0.048200  0.392827
 0.048333  0.393169
 0.048467  0.393511
 0.048600  0.393853
 0.048733  0.394195
 0.048867  0.394537
 0.049000  0.394879
 0.049133  0.395220
 0.049267  0.395562
 0.049400  0.395904
 0.049533  0.396246
 0.049667  0.396588
 0.049800  0.396930
 0.049933  0.397272
 0.050067  0.397870
 0.050200  0.398725
 0.050333  0.399579
 0.050467  0.400434
 0.050600  0.401289
 0.050733  0.402144
 0.050867  0.402998
 0.051000  0.403853
 0.051133  0.404708
 0.051267  0.405562
 0.051400  0.406417
 0.051533  0.407272
 0.051667  0.408127
 0.051800  0.408981
 0.051933  0.409836
 0.052067  0.410691
 0.052200  0.411546
 0.052333  0.412400
 0.052467  0.413255
 0.052600  0.414110
 0.052733  0.414964
 0.052867  0.415819
 0.053000  0.416674
 0.053133  0.417529
 0.053267  0.418383
 0.053400  0.419238
 0.053533  0.420093
 0.053667  0.420947
 0.053800  0.421802
 0.053933  0.422657
 0.054067  0.423512
 0.054200  0.424366
 0.054333  0.425221
 0.054467  0.426076
 0.054600  0.426930
 0.054733  0.427785
 0.054867  0.428640
 0.055000  0.429495
 0.055133  0.430349
 0.055267  0.431204
 0.055400  0.432059
 0.055533  0.432913
 0.055667  0.433768
 0.055800  0.434623
 0.055933  0.435478
 0.056067  0.436332
 0.056200  0.437187
 0.056333  0.438042
 0.056467  0.438896
 0.056600  0.439751
 0.056733  0.440606
 0.056867  0.441461
 0.057000  0.442315
 0.057133  0.443170
 0.057267  0.444025
 0.057400  0.444879
 0.057533  0.445734
 0.057667  0.446589
 0.057800  0.447444
 0.057933  0.448298
 0.058067  0.449153
 0.058200  0.450008
 0.058333  0.450862
 0.058467  0.451717
 0.058600  0.452572
 0.058733  0.453427
 0.058867  0.454281
 0.059000  0.455136
 0.059133  0.455991
 0.059267  0.456845
 0.059400  0.457700
 0.059533  0.458555
 0.059667  0.459410
 0.059800  0.460264
 0.059933  0.461119
 0.060067  0.461974
 0.060200  0.462828
 0.060333  0.463683
 0.060467  0.464538
 0.060600  0.465393
 0.060733  0.466247
 0.060867  0.467102
 0.061000  0.467957
 0.061133  0.468811
 0.061267  0.469666
 0.061400  0.470521
 0.061533  0.471376
 0.061667  0.472230
 0.061800  0.473085
 0.061933  0.473940
 0.062067  0.474794
 0.062200  0.475649
 0.062333  0.476504
 0.062467  0.477359
 0.062600  0.478213
 0.062733  0.479068
 0.062867  0.479923
 0.063000  0.480777
 0.063133  0.481632
 0.063267  0.482487
 0.063400  0.483342
 0.063533  0.484196
 0.063667  0.485051
 0.063800  0.485906
 0.063933  0.486760
 0.064067  0.487615
 0.064200  0.488470
 0.064333  0.489325
 0.064467  0.490179
 0.064600  0.491034
 0.064733  0.491889
 0.064867  0.492743
 0.065000  0.493598
 0.065133  0.494453
 0.065267  0.495308
 0.065400  0.496162
 0.065533  0.497017
 0.065667  0.497872
 0.065800  0.498726
 0.065933  0.499581
 0.066067  0.500436
 0.066200  0.501291
 0.066333  0.502145
 0.066467  0.503000
 0.066600  0.503855
 0.066733  0.504709
 0.066867  0.505564
 0.067000  0.506419
 0.067133  0.507274
 0.067267  0.508128
 0.067400  0.508983
 0.067533  0.509838
 0.067667  0.510692
 0.067800  0.511547
 0.067933  0.512402
 0.068067  0.513257
 0.068200  0.514111
 0.068333  0.514966
 0.068467  0.515821
 0.068600  0.516675
 0.068733  0.517530
 0.068867  0.518385
 0.069000  0.519240
 0.069133  0.520094
 0.069267  0.520949
 0.069400  0.521804
 0.069533  0.522659
 0.069667  0.523513
 0.069800  0.524368
 0.069933  0.525223
 0.070067  0.525906
 0.070200  0.526419
 0.070333  0.526932
 0.070467  0.527445
 0.070600  0.527958
 0.070733  0.528471
 0.070867  0.528983
 0.071000  0.529496
 0.071133  0.530009
 0.071267  0.530522
 0.071400  0.531035
 0.071533  0.531548
 0.071667  0.532060
 0.071800  0.532573
 0.071933  0.533086
 0.072067  0.533599
 0.072200  0.534112
 0.072333  0.534625
 0.072467  0.535137
 0.072600  0.535650
 0.072733  0.536163
 0.072867  0.536676
 0.073000  0.537189
 0.073133  0.537702
 0.073267  0.538214
 0.073400  0.538727
 0.073533  0.539240
 0.073667  0.539753
 0.073800  0.540266
 0.073933  0.540778
 0.074067  0.541291
 0.074200  0.541804
 0.074333  0.542317
 0.074467  0.542830
 0.074600  0.543343
 0.074733  0.543855
 0.074867  0.544368
 0.075000  0.544881
 0.075133  0.545394
 0.075267  0.545907
 0.075400  0.546420
 0.075533  0.546932
 0.075667  0.547445
 0.075800  0.547958
 0.075933  0.548471
 0.076067  0.548984
 0.076200  0.549497
 0.076333  0.550009
 0.076467  0.550522
 0.076600  0.551035
 0.076733  0.551548
 0.076867  0.552061
 0.077000  0.552574
 0.077133  0.553086
 0.077267  0.553599
 0.077400  0.554112
 0.077533  0.554625
 0.077667  0.555138
 0.077800  0.555651
 0.077933  0.556163
 0.078067  0.556676
 0.078200  0.557189
 0.078333  0.557702
 0.078467  0.558215
 0.078600  0.558728
 0.078733  0.559240
 0.078867  0.559753
 0.079000  0.560266
 0.079133  0.560779
 0.079267  0.561292
 0.079400  0.561804
 0.079533  0.562317
 0.079667  0.562830
 0.079800  0.563343
 0.079933  0.563856
 0.080067  0.564454
 0.080200  0.565138
 0.080333  0.565822
 0.080467  0.566505
 0.080600  0.567189
 0.080733  0.567873
 0.080867  0.568557
 0.081000  0.569241
 0.081133  0.569924
 0.081267  0.570608
 0.081400  0.571292
 0.081533  0.571976
 0.081667  0.572659
 0.081800  0.573343
 0.081933  0.574027
 0.082067  0.574711
 0.082200  0.575394
 0.082333  0.576078
 0.082467  0.576762
 0.082600  0.577446
 0.082733  0.578130
 0.082867  0.578813
 0.083000  0.579497
 0.083133  0.580181
 0.083267  0.580865
 0.083400  0.581548
 0.083533  0.582232
 0.083667  0.582916
 0.083800  0.583600
 0.083933  0.584283
 0.084067  0.584967
 0.084200  0.585651
 0.084333  0.586335
 0.084467  0.587019
 0.084600  0.587702
 0.084733  0.588386
 0.084867  0.589070
 0.085000  0.589754
 0.085133  0.590437
 0.085267  0.591121
 0.085400  0.591805
 0.085533  0.592489
 0.085667  0.593173
 0.085800  0.593856
 0.085933  0.594540
 0.086067  0.595224
 0.086200  0.595908
 0.086333  0.596591
 0.086467  0.597275
 0.086600  0.597959
 0.086733  0.598643
 0.086867  0.599326
 0.087000  0.600010
 0.087133  0.600694
 0.087267  0.601378
 0.087400  0.602062
 0.087533  0.602745
 0.087667  0.603429
 0.087800  0.604113
 0.087933  0.604797
 0.088067  0.605480
 0.088200  0.606164
 0.088333  0.606848
 0.088467  0.607532
 0.088600  0.608216
 0.088733  0.608899
 0.088867  0.609583
 0.089000  0.610267
 0.089133  0.610951
 0.089267  0.611634
 0.089400  0.612318
 0.089533  0.613002
 0.089667  0.613686
 0.089800  0.614369
 0.089933  0.615053
 0.090067  0.615737
 0.090200  0.616421
 0.090333  0.617105
 0.090467  0.617788
 0.090600  0.618472
 0.090733  0.619156
 0.090867  0.619840
 0.091000  0.620523
 0.091133  0.621207
 0.091267  0.621891
 0.091400  0.622575
 0.091533  0.623259
 0.091667  0.623942
 0.091800  0.624626
 0.091933  0.625310
 0.092067  0.625994
 0.092200  0.626677
 0.092333  0.627361
 0.092467  0.628045
 0.092600  0.628729
 0.092733  0.629412
 0.092867  0.630096
 0.093000  0.630780
 0.093133  0.631464
 0.093267  0.632148
 0.093400  0.632831
 0.093533  0.633515
 0.093667  0.634199
 0.093800  0.634883
 0.093933  0.635566
 0.094067  0.636250
 0.094200  0.636934
 0.094333  0.637618
 0.094467  0.638302
 0.094600  0.638985
 0.094733  0.639669
 0.094867  0.640353
 0.095000  0.641037
 0.095133  0.641720
 0.095267  0.642404
 0.095400  0.643088
 0.095533  0.643772
 0.095667  0.644455
 0.095800  0.645139
 0.095933  0.645823
 0.096067  0.646507
 0.096200  0.647191
 0.096333  0.647874
 0.096467  0.648558
 0.096600  0.649242
 0.096733  0.649926
 0.096867  0.650609
 0.097000  0.651293
 0.097133  0.651977
 0.097267  0.652661
 0.097400  0.653344
 0.097533  0.654028
 0.097667  0.654712
 0.097800  0.655396
 0.097933  0.656080
 0.098067  0.656763
 0.098200  0.657447
 0.098333  0.658131
 0.098467  0.658815
 0.098600  0.659498
 0.098733  0.660182
 0.098867  0.660866
 0.099000  0.661550
 0.099133  0.662234
 0.099267  0.662917
 0.099400  0.663601
 0.099533  0.664285
 0.099667  0.664969
 0.099800  0.665652
 0.099933  0.666336
 0.100067  0.666866
 0.100200  0.667242
 0.100333  0.667618
 0.100467  0.667994
 0.100600  0.668370
 0.100733  0.668746
 0.100867  0.669123
 0.101000  0.669499
 0.101133  0.669875
 0.101267  0.670251
 0.101400  0.670627
 0.101533  0.671003
 0.101667  0.671379
 0.101800  0.671755
 0.101933  0.672131
 0.102067  0.672507
 0.102200  0.672883
 0.102333  0.673259
 0.102467  0.673635
 0.102600  0.674012
 0.102733  0.674388
 0.102867  0.674764
 0.103000  0.675140
 0.103133  0.675516
 0.103267  0.675892
 0.103400  0.676268
 0.103533  0.676644
 0.103667  0.677020
 0.103800  0.677396
 0.103933  0.677772
 0.104067  0.678148
 0.104200  0.678524
 0.104333  0.678900
 0.104467  0.679277
 0.104600  0.679653
 0.104733  0.680029
 0.104867  0.680405
 0.105000  0.680781
 0.105133  0.681157
 0.105267  0.681533
 0.105400  0.681909
 0.105533  0.682285
 0.105667  0.682661
 0.105800  0.683037
 0.105933  0.683413
 0.106067  0.683789
 0.106200  0.684166
 0.106333  0.684542
 0.106467  0.684918
 0.106600  0.685294
 0.106733  0.685670
 0.106867  0.686046
 0.107000  0.686422
 0.107133  0.686798
 0.107267  0.687174
 0.107400  0.687550
 0.107533  0.687926
 0.107667  0.688302
 0.107800  0.688678
 0.107933  0.689055
 0.108067  0.689431
 0.108200  0.689807
 0.108333  0.690183
 0.108467  0.690559
 0.108600  0.690935
 0.108733  0.691311
 0.108867  0.691687
 0.109000  0.692063
 0.109133  0.692439
 0.109267  0.692815
 0.109400  0.693191
 0.109533  0.693567
 0.109667  0.693943
 0.109800  0.694320
 0.109933  0.694696
 0.110067  0.695072
 0.110200  0.695448
 0.110333  0.695824
 0.110467  0.696200
 0.110600  0.696576
 0.110733  0.696952
 0.110867  0.697328
 0.111000  0.697704
 0.111133  0.698080
 0.111267  0.698456
 0.111400  0.698832
 0.111533  0.699209
 0.111667  0.699585
 0.111800  0.699961
 0.111933  0.700337
 0.112067  0.700713
 0.112200  0.701089
 0.112333  0.701465
 0.112467  0.701841
 0.112600  0.702217
 0.112733  0.702593
 0.112867  0.702969
 0.113000  0.703345
 0.113133  0.703721
 0.113267  0.704098
 0.113400  0.704474
 0.113533  0.704850
 0.113667  0.705226
 0.113800  0.705602
 0.113933  0.705978
 0.114067  0.706354
 0.114200  0.706730
 0.114333  0.707106
 0.114467  0.707482
 0.114600  0.707858
 0.114733  0.708234
 0.114867  0.708610
 0.115000  0.708986
 0.115133  0.709363
 0.115267  0.709739
 0.115400  0.710115
 0.115533  0.710491
 0.115667  0.710867
 0.115800  0.711243
 0.115933  0.711619
 0.116067  0.711995
 0.116200  0.712371
 0.116333  0.712747
 0.116467  0.713123
 0.116600  0.713499
 0.116733  0.713875
 0.116867  0.714252
 0.117000  0.714628
 0.117133  0.715004
 0.117267  0.715380
 0.117400  0.715756
 0.117533  0.716132
 0.117667  0.716508
 0.117800  0.716884
 0.117933  0.717260
 0.118067  0.717636
 0.118200  0.718012
 0.118333  0.718388
 0.118467  0.718764
 0.118600  0.719140
 0.118733  0.719517
 0.118867  0.719893
 0.119000  0.720269
 0.119133  0.720645
 0.119267  0.721021
 0.119400  0.721397
 0.119533  0.721773
 0.119667  0.722149
 0.119800  0.722525
 0.119933  0.722901
 0.120067  0.723277
 0.120200  0.723653
 0.120333  0.724029
 0.120467  0.724406
 0.120600  0.724782
 0.120733  0.725158
 0.120867  0.725534
 0.121000  0.725910
 0.121133  0.726286
 0.121267  0.726662
 0.121400  0.727038
 0.121533  0.727414
 0.121667  0.727790
 0.121800  0.728166
 0.121933  0.728542
 0.122067  0.728918
 0.122200  0.729295
 0.122333  0.729671
 0.122467  0.730047
 0.122600  0.730423
 0.122733  0.730799
 0.122867  0.731175
 0.123000  0.731551
 0.123133  0.731927
 0.123267  0.732303
 0.123400  0.732679
 0.123533  0.733055
 0.123667  0.733431
 0.123800  0.733807
 0.123933  0.734183
 0.124067  0.734560
 0.124200  0.734936
 0.124333  0.735312
 0.124467  0.735688
 0.124600  0.736064
 0.124733  0.736440
 0.124867  0.736816
 0.125000  0.737192
 0.125133  0.737568
 0.125267  0.737944
 0.125400  0.738320
 0.125533  0.738696
 0.125667  0.739072
 0.125800  0.739449
 0.125933  0.739825
 0.126067  0.740201
 0.126200  0.740577
 0.126333  0.740953
 0.126467  0.741329
 0.126600  0.741705
 0.126733  0.742081
 0.126867  0.742457
 0.127000  0.742833
 0.127133  0.743209
 0.127267  0.743585
 0.127400  0.743961
 0.127533  0.744338
 0.127667  0.744714
 0.127800  0.745090
 0.127933  0.745466
 0.128067  0.745842
 0.128200  0.746218
 0.128333  0.746594
 0.128467  0.746970
 0.128600  0.747346
 0.128733  0.747722
 0.128867  0.748098
 0.129000  0.748474
 0.129133  0.748850
 0.129267  0.749226
 0.129400  0.749603
 0.129533  0.749979
 0.129667  0.750355
 0.129800  0.750731
 0.129933  0.751107
 0.130067  0.751483
 0.130200  0.751859
 0.130333  0.752235
 0.130467  0.752611
 0.130600  0.752987
 0.130733  0.753363
 0.130867  0.753739
 0.131000  0.754115
 0.131133  0.754492
 0.131267  0.754868
 0.131400  0.755244
 0.131533  0.755620
 0.131667  0.755996
 0.131800  0.756372
 0.131933  0.756748
 0.132067  0.757124
 0.132200  0.757500
 0.132333  0.757876
 0.132467  0.758252
 0.132600  0.758628
 0.132733  0.759004
 0.132867  0.759381
 0.133000  0.759757
 0.133133  0.760133
 0.133267  0.760509
 0.133400  0.760885
 0.133533  0.761261
 0.133667  0.761637
 0.133800  0.762013
 0.133933  0.762389
 0.134067  0.762765
 0.134200  0.763141
 0.134333  0.763517
 0.134467  0.763893
 0.134600  0.764269
 0.134733  0.764646
 0.134867  0.765022
 0.135000  0.765398
 0.135133  0.765774
 0.135267  0.766150
 0.135400  0.766526
 0.135533  0.766902
 0.135667  0.767278
 0.135800  0.767654
 0.135933  0.768030
 0.136067  0.768406
 0.136200  0.768782
 0.136333  0.769158
 0.136467  0.769535
 0.136600  0.769911
 0.136733  0.770287
 0.136867  0.770663
 0.137000  0.771039
 0.137133  0.771415
 0.137267  0.771791
 0.137400  0.772167
 0.137533  0.772543
 0.137667  0.772919
 0.137800  0.773295
 0.137933  0.773671
 0.138067  0.774047
 0.138200  0.774423
 0.138333  0.774800
 0.138467  0.775176
 0.138600  0.775552
 0.138733  0.775928
 0.138867  0.776304
 0.139000  0.776680
 0.139133  0.777056
 0.139267  0.777432
 0.139400  0.777808
 0.139533  0.778184
 0.139667  0.778560
 0.139800  0.778936
 0.139933  0.779312
 0.140067  0.779689
 0.140200  0.780065
 0.140333  0.780441
 0.140467  0.780817
 0.140600  0.781193
 0.140733  0.781569
 0.140867  0.781945
 0.141000  0.782321
 0.141133  0.782697
 0.141267  0.783073
 0.141400  0.783449
 0.141533  0.783825
 0.141667  0.784201
 0.141800  0.784578
 0.141933  0.784954
 0.142067  0.785330
 0.142200  0.785706
 0.142333  0.786082
 0.142467  0.786458
 0.142600  0.786834
 0.142733  0.787210
 0.142867  0.787586
 0.143000  0.787962
 0.143133  0.788338
 0.143267  0.788714
 0.143400  0.789090
 0.143533  0.789466
 0.143667  0.789843
 0.143800  0.790219
 0.143933  0.790595
 0.144067  0.790971
 0.144200  0.791347
 0.144333  0.791723
 0.144467  0.792099
 0.144600  0.792475
 0.144733  0.792851
 0.144867  0.793227
 0.145000  0.793603
 0.145133  0.793979
 0.145267  0.794355
 0.145400  0.794732
 0.145533  0.795108
 0.145667  0.795484
 0.145800  0.795860
 0.145933  0.796236
 0.146067  0.796612
 0.146200  0.796988
 0.146333  0.797364
 0.146467  0.797740
 0.146600  0.798116
 0.146733  0.798492
 0.146867  0.798868
 0.147000  0.799244
 0.147133  0.799621
 0.147267  0.799997
 0.147400  0.800373
 0.147533  0.800749
 0.147667  0.801125
 0.147800  0.801501
 0.147933  0.801877
 0.148067  0.802253
 0.148200  0.802629
 0.148333  0.803005
 0.148467  0.803381
 0.148600  0.803757
 0.148733  0.804133
 0.148867  0.804509
 0.149000  0.804886
 0.149133  0.805262
 0.149267  0.805638
 0.149400  0.806014
 0.149533  0.806390
 0.149667  0.806766
 0.149800  0.807142
 0.149933  0.807518
 0.150067  0.807894
 0.150200  0.808270
 0.150333  0.808646
 0.150467  0.809022
 0.150600  0.809398
 0.150733  0.809775
 0.150867  0.810151
 0.151000  0.810527
 0.151133  0.810903
 0.151267  0.811279
 0.151400  0.811655
 0.151533  0.812031
 0.151667  0.812407
 0.151800  0.812783
 0.151933  0.813159
 0.152067  0.813535
 0.152200  0.813911
 0.152333  0.814287
 0.152467  0.814663
 0.152600  0.815040
 0.152733  0.815416
 0.152867  0.815792
 0.153000  0.816168
 0.153133  0.816544
 0.153267  0.816920
 0.153400  0.817296
 0.153533  0.817672
 0.153667  0.818048
 0.153800  0.818424
 0.153933  0.818800
 0.154067  0.819176
 0.154200  0.819552
 0.154333  0.819929
 0.154467  0.820305
 0.154600  0.820681
 0.154733  0.821057
 0.154867  0.821433
 0.155000  0.821809
 0.155133  0.822185
 0.155267  0.822561
 0.155400  0.822937
 0.155533  0.823313
 0.155667  0.823689
 0.155800  0.824065
 0.155933  0.824441
 0.156067  0.824818
 0.156200  0.825194
 0.156333  0.825570
 0.156467  0.825946
 0.156600  0.826322
 0.156733  0.826698
 0.156867  0.827074
 0.157000  0.827450
 0.157133  0.827826
 0.157267  0.828202
 0.157400  0.828578
 0.157533  0.828954
 0.157667  0.829330
 0.157800  0.829706
 0.157933  0.830083
 0.158067  0.830459
 0.158200  0.830835
 0.158333  0.831211
 0.158467  0.831587
 0.158600  0.831963
 0.158733  0.832339
 0.158867  0.832715
 0.159000  0.833091
 0.159133  0.833467
 0.159267  0.833843
 0.159400  0.834219
 0.159533  0.834595
 0.159667  0.834972
 0.159800  0.835348
 0.159933  0.835724
 0.160067  0.836100
 0.160200  0.836476
 0.160333  0.836852
 0.160467  0.837228
 0.160600  0.837604
 0.160733  0.837980
 0.160867  0.838356
 0.161000  0.838732
 0.161133  0.839108
 0.161267  0.839484
 0.161400  0.839861
 0.161533  0.840237
 0.161667  0.840613
 0.161800  0.840989
 0.161933  0.841365
 0.162067  0.841741
 0.162200  0.842117
 0.162333  0.842493
 0.162467  0.842869
 0.162600  0.843245
 0.162733  0.843621
 0.162867  0.843997
 0.163000  0.844373
 0.163133  0.844749
 0.163267  0.845126
 0.163400  0.845502
 0.163533  0.845878
 0.163667  0.846254
 0.163800  0.846630
 0.163933  0.847006
 0.164067  0.847382
 0.164200  0.847758
 0.164333  0.848134
 0.164467  0.848510
 0.164600  0.848886
 0.164733  0.849262
 0.164867  0.849638
 0.165000  0.850015
 0.165133  0.850391
 0.165267  0.850767
 0.165400  0.851143
 0.165533  0.851519
 0.165667  0.851895
 0.165800  0.852271
 0.165933  0.852647
 0.166067  0.853023
 0.166200  0.853399
 0.166333  0.853775
 0.166467  0.854151
 0.166600  0.854527
 0.166733  0.854904
 0.166867  0.855280
 0.167000  0.855656
 0.167133  0.856032
 0.167267  0.856408
 0.167400  0.856784
 0.167533  0.857160
 0.167667  0.857536
 0.167800  0.857912
 0.167933  0.858288
 0.168067  0.858664
 0.168200  0.859040
 0.168333  0.859416
 0.168467  0.859792
 0.168600  0.860169
 0.168733  0.860545
 0.168867  0.860921
 0.169000  0.861297
 0.169133  0.861673
 0.169267  0.862049
 0.169400  0.862425
 0.169533  0.862801
 0.169667  0.863177
 0.169800  0.863553
 0.169933  0.863929
 0.170067  0.864305
 0.170200  0.864681
 0.170333  0.865058
 0.170467  0.865434
 0.170600  0.865810
 0.170733  0.866186
 0.170867  0.866562
 0.171000  0.866938
 0.171133  0.867314
 0.171267  0.867690
 0.171400  0.868066
 0.171533  0.868442
 0.171667  0.868818
 0.171800  0.869194
 0.171933  0.869570
 0.172067  0.869946
 0.172200  0.870323
 0.172333  0.870699
 0.172467  0.871075
 0.172600  0.871451
 0.172733  0.871827
 0.172867  0.872203
 0.173000  0.872579
 0.173133  0.872955
 0.173267  0.873331
 0.173400  0.873707
 0.173533  0.874083
 0.173667  0.874459
 0.173800  0.874835
 0.173933  0.875212
 0.174067  0.875588
 0.174200  0.875964
 0.174333  0.876340
 0.174467  0.876716
 0.174600  0.877092
 0.174733  0.877468
 0.174867  0.877844
 0.175000  0.878220
 0.175133  0.878596
 0.175267  0.878972
 0.175400  0.879348
 0.175533  0.879724
 0.175667  0.880101
 0.175800  0.880477
 0.175933  0.880853
 0.176067  0.881229
 0.176200  0.881605
 0.176333  0.881981
 0.176467  0.882357
 0.176600  0.882733
 0.176733  0.883109
 0.176867  0.883485
 0.177000  0.883861
 0.177133  0.884237
 0.177267  0.884613
 0.177400  0.884989
 0.177533  0.885366
 0.177667  0.885742
 0.177800  0.886118
 0.177933  0.886494
 0.178067  0.886870
 0.178200  0.887246
 0.178333  0.887622
 0.178467  0.887998
 0.178600  0.888374
 0.178733  0.888750
 0.178867  0.889126
 0.179000  0.889502
 0.179133  0.889878
 0.179267  0.890255
 0.179400  0.890631
 0.179533  0.891007
 0.179667  0.891383
 0.179800  0.891759
 0.179933  0.892135
 0.180067  0.892511
 0.180200  0.892887
 0.180333  0.893263
 0.180467  0.893639
 0.180600  0.894015
 0.180733  0.894391
 0.180867  0.894767
 0.181000  0.895144
 0.181133  0.895520
 0.181267  0.895896
 0.181400  0.896272
 0.181533  0.896648
 0.181667  0.897024
 0.181800  0.897400
 0.181933  0.897776
 0.182067  0.898152
 0.182200  0.898528
 0.182333  0.898904
 0.182467  0.899280
 0.182600  0.899656
 0.182733  0.900032
 0.182867  0.900409
 0.183000  0.900785
 0.183133  0.901161
 0.183267  0.901537
 0.183400  0.901913
 0.183533  0.902289
 0.183667  0.902665
 0.183800  0.903041
 0.183933  0.903417
 0.184067  0.903793
 0.184200  0.904169
 0.184333  0.904545
 0.184467  0.904921
 0.184600  0.905298
 0.184733  0.905674
 0.184867  0.906050
 0.185000  0.906426
 0.185133  0.906802
 0.185267  0.907178
 0.185400  0.907554
 0.185533  0.907930
 0.185667  0.908306
 0.185800  0.908682
 0.185933  0.909058
 0.186067  0.909434
 0.186200  0.909810
 0.186333  0.910187
 0.186467  0.910563
 0.186600  0.910939
 0.186733  0.911315
 0.186867  0.911691
 0.187000  0.912067
 0.187133  0.912443
 0.187267  0.912819
 0.187400  0.913195
 0.187533  0.913571
 0.187667  0.913947
 0.187800  0.914323
 0.187933  0.914699
 0.188067  0.915075
 0.188200  0.915452
 0.188333  0.915828
 0.188467  0.916204
 0.188600  0.916580
 0.188733  0.916956
 0.188867  0.917332
 0.189000  0.917708
 0.189133  0.918084
 0.189267  0.918460
 0.189400  0.918836
 0.189533  0.919212
 0.189667  0.919588
 0.189800  0.919964
 0.189933  0.920341
 0.190067  0.920717
 0.190200  0.921093
 0.190333  0.921469
 0.190467  0.921845
 0.190600  0.922221
 0.190733  0.922597
 0.190867  0.922973
 0.191000  0.923349
 0.191133  0.923725
 0.191267  0.924101
 0.191400  0.924477
 0.191533  0.924853
 0.191667  0.925229
 0.191800  0.925606
 0.191933  0.925982
 0.192067  0.926358
 0.192200  0.926734
 0.192333  0.927110
 0.192467  0.927486
 0.192600  0.927862
 0.192733  0.928238
 0.192867  0.928614
 0.193000  0.928990
 0.193133  0.929366
 0.193267  0.929742
 0.193400  0.930118
 0.193533  0.930495
 0.193667  0.930871
 0.193800  0.931247
 0.193933  0.931623
 0.194067  0.931999
 0.194200  0.932375
 0.194333  0.932751
 0.194467  0.933127
 0.194600  0.933503
 0.194733  0.933879
 0.194867  0.934255
 0.195000  0.934631
 0.195133  0.935007
 0.195267  0.935384
 0.195400  0.935760
 0.195533  0.936136
 0.195667  0.936512
 0.195800  0.936888
 0.195933  0.937264
 0.196067  0.937640
 0.196200  0.938016
 0.196333  0.938392
 0.196467  0.938768
 0.196600  0.939144
 0.196733  0.939520
 0.196867  0.939896
 0.197000  0.940272
 0.197133  0.940649
 0.197267  0.941025
 0.197400  0.941401
 0.197533  0.941777
 0.197667  0.942153
 0.197800  0.942529
 0.197933  0.942905
 0.198067  0.943281
 0.198200  0.943657
 0.198333  0.944033
 0.198467  0.944409
 0.198600  0.944785
 0.198733  0.945161
 0.198867  0.945538
 0.199000  0.945914
 0.199133  0.946290
 0.199267  0.946666
 0.199400  0.947042
 0.199533  0.947418
 0.199667  0.947794
 0.199800  0.948170
 0.199933  0.948546
 0.200067  0.948768
 0.200200  0.948837
 0.200333  0.948905
 0.200467  0.948973
 0.200600  0.949042
 0.200733  0.949110
 0.200867  0.949179
 0.201000  0.949247
 0.201133  0.949315
 0.201267  0.949384
 0.201400  0.949452
 0.201533  0.949520
 0.201667  0.949589
 0.201800  0.949657
 0.201933  0.949726
 0.202067  0.949794
 0.202200  0.949862
 0.202333  0.949931
 0.202467  0.949999
 0.202600  0.950068
 0.202733  0.950136
 0.202867  0.950204
 0.203000  0.950273
 0.203133  0.950341
 0.203267  0.950409
 0.203400  0.950478
 0.203533  0.950546
 0.203667  0.950615
 0.203800  0.950683
 0.203933  0.950751
 0.204067  0.950820
 0.204200  0.950888
 0.204333  0.950956
 0.204467  0.951025
 0.204600  0.951093
 0.204733  0.951162
 0.204867  0.951230
 0.205000  0.951298
 0.205133  0.951367
 0.205267  0.951435
 0.205400  0.951503
 0.205533  0.951572
 0.205667  0.951640
 0.205800  0.951709
 0.205933  0.951777
 0.206067  0.951845
 0.206200  0.951914
 0.206333  0.951982
 0.206467  0.952050
 0.206600  0.952119
 0.206733  0.952187
 0.206867  0.952256
 0.207000  0.952324
 0.207133  0.952392
 0.207267  0.952461
 0.207400  0.952529
 0.207533  0.952597
 0.207667  0.952666
 0.207800  0.952734
 0.207933  0.952803
 0.208067  0.952871
 0.208200  0.952939
 0.208333  0.953008
 0.208467  0.953076
 0.208600  0.953144
 0.208733  0.953213
 0.208867  0.953281
 0.209000  0.953350
 0.209133  0.953418
 0.209267  0.953486
 0.209400  0.953555
 0.209533  0.953623
 0.209667  0.953692
 0.209800  0.953760
 0.209933  0.953828
 0.210067  0.953897
 0.210200  0.953965
 0.210333  0.954033
 0.210467  0.954102
 0.210600  0.954170
 0.210733  0.954239
 0.210867  0.954307
 0.211000  0.954375
 0.211133  0.954444
 0.211267  0.954512
 0.211400  0.954580
 0.211533  0.954649
 0.211667  0.954717
 0.211800  0.954786
 0.211933  0.954854
 0.212067  0.954922
 0.212200  0.954991
 0.212333  0.955059
 0.212467  0.955127
 0.212600  0.955196
 0.212733  0.955264
 0.212867  0.955333
 0.213000  0.955401
 0.213133  0.955469
 0.213267  0.955538
 0.213400  0.955606
 0.213533  0.955674
 0.213667  0.955743
 0.213800  0.955811
 0.213933  0.955880
 0.214067  0.955948
 0.214200  0.956016
 0.214333  0.956085
 0.214467  0.956153
 0.214600  0.956221
 0.214733  0.956290
 0.214867  0.956358
 0.215000  0.956427
 0.215133  0.956495
 0.215267  0.956563
 0.215400  0.956632
 0.215533  0.956700
 0.215667  0.956768
 0.215800  0.956837
 0.215933  0.956905
 0.216067  0.956974
 0.216200  0.957042
 0.216333  0.957110
 0.216467  0.957179
 0.216600  0.957247
 0.216733  0.957316
 0.216867  0.957384
 0.217000  0.957452
 0.217133  0.957521
 0.217267  0.957589
 0.217400  0.957657
 0.217533  0.957726
 0.217667  0.957794
 0.217800  0.957863
 0.217933  0.957931
 0.218067  0.957999
 0.218200  0.958068
 0.218333  0.958136
 0.218467  0.958204
 0.218600  0.958273
 0.218733  0.958341
 0.218867  0.958410
 0.219000  0.958478
 0.219133  0.958546
 0.219267  0.958615
 0.219400  0.958683
 0.219533  0.958751
 0.219667  0.958820
 0.219800  0.958888
 0.219933  0.958957
 0.220067  0.959025
 0.220200  0.959093
 0.220333  0.959162
 0.220467  0.959230
 0.220600  0.959298
 0.220733  0.959367
 0.220867  0.959435
 0.221000  0.959504
 0.221133  0.959572
 0.221267  0.959640
 0.221400  0.959709
 0.221533  0.959777
 0.221667  0.959845
 0.221800  0.959914
 0.221933  0.959982
 0.222067  0.960051
 0.222200  0.960119
 0.222333  0.960187
 0.222467  0.960256
 0.222600  0.960324
 0.222733  0.960392
 0.222867  0.960461
 0.223000  0.960529
 0.223133  0.960598
 0.223267  0.960666
 0.223400  0.960734
 0.223533  0.960803
 0.223667  0.960871
 0.223800  0.960939
 0.223933  0.961008
 0.224067  0.961076
 0.224200  0.961145
 0.224333  0.961213
 0.224467  0.961281
 0.224600  0.961350
 0.224733  0.961418
 0.224867  0.961487
 0.225000  0.961555
 0.225133  0.961623
 0.225267  0.961692
 0.225400  0.961760
 0.225533  0.961828
 0.225667  0.961897
 0.225800  0.961965
 0.225933  0.962034
 0.226067  0.962102
 0.226200  0.962170
 0.226333  0.962239
 0.226467  0.962307
 0.226600  0.962375
 0.226733  0.962444
 0.226867  0.962512
 0.227000  0.962581
 0.227133  0.962649
 0.227267  0.962717
 0.227400  0.962786
 0.227533  0.962854
 0.227667  0.962922
 0.227800  0.962991
 0.227933  0.963059
 0.228067  0.963128
 0.228200  0.963196
 0.228333  0.963264
 0.228467  0.963333
 0.228600  0.963401
 0.228733  0.963469
 0.228867  0.963538
 0.229000  0.963606
 0.229133  0.963675
 0.229267  0.963743
 0.229400  0.963811
 0.229533  0.963880
 0.229667  0.963948
 0.229800  0.964016
 0.229933  0.964085
 0.230067  0.964153
 0.230200  0.964222
 0.230333  0.964290
 0.230467  0.964358
 0.230600  0.964427
 0.230733  0.964495
 0.230867  0.964564
 0.231000  0.964632
 0.231133  0.964700
 0.231267  0.964769
 0.231400  0.964837
 0.231533  0.964905
 0.231667  0.964974
 0.231800  0.965042
 0.231933  0.965111
 0.232067  0.965179
 0.232200  0.965247
 0.232333  0.965316
 0.232467  0.965384
 0.232600  0.965452
 0.232733  0.965521
 0.232867  0.965589
 0.233000  0.965658
 0.233133  0.965726
 0.233267  0.965794
 0.233400  0.965863
 0.233533  0.965931
 0.233667  0.965999
 0.233800  0.966068
 0.233933  0.966136
 0.234067  0.966205
 0.234200  0.966273
 0.234333  0.966341
 0.234467  0.966410
 0.234600  0.966478
 0.234733  0.966546
 0.234867  0.966615
 0.235000  0.966683
 0.235133  0.966752
 0.235267  0.966820
 0.235400  0.966888
 0.235533  0.966957
 0.235667  0.967025
 0.235800  0.967093
 0.235933  0.967162
 0.236067  0.967230
 0.236200  0.967299
 0.236333  0.967367
 0.236467  0.967435
 0.236600  0.967504
 0.236733  0.967572
 0.236867  0.967640
 0.237000  0.967709
 0.237133  0.967777
 0.237267  0.967846
 0.237400  0.967914
 0.237533  0.967982
 0.237667  0.968051
 0.237800  0.968119
 0.237933  0.968187
 0.238067  0.968256
 0.238200  0.968324
 0.238333  0.968393
 0.238467  0.968461
 0.238600  0.968529
 0.238733  0.968598
 0.238867  0.968666
 0.239000  0.968735
 0.239133  0.968803
 0.239267  0.968871
 0.239400  0.968940
 0.239533  0.969008
 0.239667  0.969076
 0.239800  0.969145
 0.239933  0.969213
 0.240067  0.969282
 0.240200  0.969350
 0.240333  0.969418
 0.240467  0.969487
 0.240600  0.969555
 0.240733  0.969623
 0.240867  0.969692
 0.241000  0.969760
 0.241133  0.969829
 0.241267  0.969897
 0.241400  0.969965
 0.241533  0.970034
 0.241667  0.970102
 0.241800  0.970170
 0.241933  0.970239
 0.242067  0.970307
 0.242200  0.970376
 0.242333  0.970444
 0.242467  0.970512
 0.242600  0.970581
 0.242733  0.970649
 0.242867  0.970717
 0.243000  0.970786
 0.243133  0.970854
 0.243267  0.970923
 0.243400  0.970991
 0.243533  0.971059
 0.243667  0.971128
 0.243800  0.971196
 0.243933  0.971264
 0.244067  0.971333
 0.244200  0.971401
 0.244333  0.971470
 0.244467  0.971538
 0.244600  0.971606
 0.244733  0.971675
 0.244867  0.971743
 0.245000  0.971811
 0.245133  0.971880
 0.245267  0.971948
 0.245400  0.972017
 0.245533  0.972085
 0.245667  0.972153
 0.245800  0.972222
 0.245933  0.972290
 0.246067  0.972359
 0.246200  0.972427
 0.246333  0.972495
 0.246467  0.972564
 0.246600  0.972632
 0.246733  0.972700
 0.246867  0.972769
 0.247000  0.972837
 0.247133  0.972906
 0.247267  0.972974
 0.247400  0.973042
 0.247533  0.973111
 0.247667  0.973179
 0.247800  0.973247
 0.247933  0.973316
 0.248067  0.973384
 0.248200  0.973453
 0.248333  0.973521
 0.248467  0.973589
 0.248600  0.973658
 0.248733  0.973726
 0.248867  0.973794
 0.249000  0.973863
 0.249133  0.973931
 0.249267  0.974000
 0.249400  0.974068
 0.249533  0.974136
 0.249667  0.974205
 0.249800  0.974273
 0.249933  0.974341
 0.250067  0.974410
 0.250200  0.974478
 0.250333  0.974547
 0.250467  0.974615
 0.250600  0.974683
 0.250733  0.974752
 0.250867  0.974820
 0.251000  0.974888
 0.251133  0.974957
 0.251267  0.975025
 0.251400  0.975094
 0.251533  0.975162
 0.251667  0.975230
 0.251800  0.975299
 0.251933  0.975367
 0.252067  0.975435
 0.252200  0.975504
 0.252333  0.975572
 0.252467  0.975641
 0.252600  0.975709
 0.252733  0.975777
 0.252867  0.975846
 0.253000  0.975914
 0.253133  0.975982
 0.253267  0.976051
 0.253400  0.976119
 0.253533  0.976188
 0.253667  0.976256
 0.253800  0.976324
 0.253933  0.976393
 0.254067  0.976461
 0.254200  0.976530
 0.254333  0.976598
 0.254467  0.976666
 0.254600  0.976735
 0.254733  0.976803
 0.254867  0.976871
 0.255000  0.976940
 0.255133  0.977008
 0.255267  0.977077
 0.255400  0.977145
 0.255533  0.977213
 0.255667  0.977282
 0.255800  0.977350
 0.255933  0.977418
 0.256067  0.977487
 0.256200  0.977555
 0.256333  0.977624
 0.256467  0.977692
 0.256600  0.977760
 0.256733  0.977829
 0.256867  0.977897
 0.257000  0.977965
 0.257133  0.978034
 0.257267  0.978102
 0.257400  0.978171
 0.257533  0.978239
 0.257667  0.978307
 0.257800  0.978376
 0.257933  0.978444
 0.258067  0.978512
 0.258200  0.978581
 0.258333  0.978649
 0.258467  0.978718
 0.258600  0.978786
 0.258733  0.978854
 0.258867  0.978923
 0.259000  0.978991
 0.259133  0.979059
 0.259267  0.979128
 0.259400  0.979196
 0.259533  0.979265
 0.259667  0.979333
 0.259800  0.979401
 0.259933  0.979470
 0.260067  0.979538
 0.260200  0.979606
 0.260333  0.979675
 0.260467  0.979743
 0.260600  0.979812
 0.260733  0.979880
 0.260867  0.979948
 0.261000  0.980017
 0.261133  0.980085
 0.261267  0.980154
 0.261400  0.980222
 0.261533  0.980290
 0.261667  0.980359
 0.261800  0.980427
 0.261933  0.980495
 0.262067  0.980564
 0.262200  0.980632
 0.262333  0.980701
 0.262467  0.980769
 0.262600  0.980837
 0.262733  0.980906
 0.262867  0.980974
 0.263000  0.981042
 0.263133  0.981111
 0.263267  0.981179
 0.263400  0.981248
 0.263533  0.981316
 0.263667  0.981384
 0.263800  0.981453
 0.263933  0.981521
 0.264067  0.981589
 0.264200  0.981658
 0.264333  0.981726
 0.264467  0.981795
 0.264600  0.981863
 0.264733  0.981931
 0.264867  0.982000
 0.265000  0.982068
 0.265133  0.982136
 0.265267  0.982205
 0.265400  0.982273
 0.265533  0.982342
 0.265667  0.982410
 0.265800  0.982478
 0.265933  0.982547
 0.266067  0.982615
 0.266200  0.982683
 0.266333  0.982752
 0.266467  0.982820
 0.266600  0.982889
 0.266733  0.982957
 0.266867  0.983025
 0.267000  0.983094
 0.267133  0.983162
 0.267267  0.983230
 0.267400  0.983299
 0.267533  0.983367
 0.267667  0.983436
 0.267800  0.983504
 0.267933  0.983572
 0.268067  0.983641
 0.268200  0.983709
 0.268333  0.983777
 0.268467  0.983846
 0.268600  0.983914
 0.268733  0.983983
 0.268867  0.984051
 0.269000  0.984119
 0.269133  0.984188
 0.269267  0.984256
 0.269400  0.984325
 0.269533  0.984393
 0.269667  0.984461
 0.269800  0.984530
 0.269933  0.984598
 0.270067  0.984666
 0.270200  0.984735
 0.270333  0.984803
 0.270467  0.984872
 0.270600  0.984940
 0.270733  0.985008
 0.270867  0.985077
 0.271000  0.985145
 0.271133  0.985213
 0.271267  0.985282
 0.271400  0.985350
 0.271533  0.985419
 0.271667  0.985487
 0.271800  0.985555
 0.271933  0.985624
 0.272067  0.985692
 0.272200  0.985760
 0.272333  0.985829
 0.272467  0.985897
 0.272600  0.985966
 0.272733  0.986034
 0.272867  0.986102
 0.273000  0.986171
 0.273133  0.986239
 0.273267  0.986307
 0.273400  0.986376
 0.273533  0.986444
 0.273667  0.986513
 0.273800  0.986581
 0.273933  0.986649
 0.274067  0.986718
 0.274200  0.986786
 0.274333  0.986854
 0.274467  0.986923
 0.274600  0.986991
 0.274733  0.987060
 0.274867  0.987128
 0.275000  0.987196
 0.275133  0.987265
 0.275267  0.987333
 0.275400  0.987401
 0.275533  0.987470
 0.275667  0.987538
 0.275800  0.987607
 0.275933  0.987675
 0.276067  0.987743
 0.276200  0.987812
 0.276333  0.987880
 0.276467  0.987949
 0.276600  0.988017
 0.276733  0.988085
 0.276867  0.988154
 0.277000  0.988222
 0.277133  0.988290
 0.277267  0.988359
 0.277400  0.988427
 0.277533  0.988496
 0.277667  0.988564
 0.277800  0.988632
 0.277933  0.988701
 0.278067  0.988769
 0.278200  0.988837
 0.278333  0.988906
 0.278467  0.988974
 0.278600  0.989043
 0.278733  0.989111
 0.278867  0.989179
 0.279000  0.989248
 0.279133  0.989316
 0.279267  0.989384
 0.279400  0.989453
 0.279533  0.989521
 0.279667  0.989590
 0.279800  0.989658
 0.279933  0.989726
 0.280067  0.989795
 0.280200  0.989863
 0.280333  0.989931
 0.280467  0.990000
 0.280600  0.990068
 0.280733  0.990137
 0.280867  0.990205
 0.281000  0.990273
 0.281133  0.990342
 0.281267  0.990410
 0.281400  0.990478
 0.281533  0.990547
 0.281667  0.990615
 0.281800  0.990684
 0.281933  0.990752
 0.282067  0.990820
 0.282200  0.990889
 0.282333  0.990957
 0.282467  0.991025
 0.282600  0.991094
 0.282733  0.991162
 0.282867  0.991231
 0.283000  0.991299
 0.283133  0.991367
 0.283267  0.991436
 0.283400  0.991504
 0.283533  0.991573
 0.283667  0.991641
 0.283800  0.991709
 0.283933  0.991778
 0.284067  0.991846
 0.284200  0.991914
 0.284333  0.991983
 0.284467  0.992051
 0.284600  0.992120
 0.284733  0.992188
 0.284867  0.992256
 0.285000  0.992325
 0.285133  0.992393
 0.285267  0.992461
 0.285400  0.992530
 0.285533  0.992598
 0.285667  0.992667
 0.285800  0.992735
 0.285933  0.992803
 0.286067  0.992872
 0.286200  0.992940
 0.286333  0.993008
 0.286467  0.993077
 0.286600  0.993145
 0.286733  0.993214
 0.286867  0.993282
 0.287000  0.993350
 0.287133  0.993419
 0.287267  0.993487
 0.287400  0.993555
 0.287533  0.993624
 0.287667  0.993692
 0.287800  0.993761
 0.287933  0.993829
 0.288067  0.993897
 0.288200  0.993966
 0.288333  0.994034
 0.288467  0.994102
 0.288600  0.994171
 0.288733  0.994239
 0.288867  0.994308
 0.289000  0.994376
 0.289133  0.994444
 0.289267  0.994513
 0.289400  0.994581
 0.289533  0.994649
 0.289667  0.994718
 0.289800  0.994786
 0.289933  0.994855
 0.290067  0.994923
 0.290200  0.994991
 0.290333  0.995060
 0.290467  0.995128
 0.290600  0.995197
 0.290733  0.995265
 0.290867  0.995333
 0.291000  0.995402
 0.291133  0.995470
 0.291267  0.995538
 0.291400  0.995607
 0.291533  0.995675
 0.291667  0.995744
 0.291800  0.995812
 0.291933  0.995880
 0.292067  0.995949
 0.292200  0.996017
 0.292333  0.996085
 0.292467  0.996154
 0.292600  0.996222
 0.292733  0.996291
 0.292867  0.996359
 0.293000  0.996427
 0.293133  0.996496
 0.293267  0.996564
 0.293400  0.996632
 0.293533  0.996701
 0.293667  0.996769
 0.293800  0.996838
 0.293933  0.996906
 0.294067  0.996974
 0.294200  0.997043
 0.294333  0.997111
 0.294467  0.997179
 0.294600  0.997248
 0.294733  0.997316
 0.294867  0.997385
 0.295000  0.997453
 0.295133  0.997521
 0.295267  0.997590
 0.295400  0.997658
 0.295533  0.997726
 0.295667  0.997795
 0.295800  0.997863
 0.295933  0.997932
 0.296067  0.998000
 0.296200  0.998068
 0.296333  0.998137
 0.296467  0.998205
 0.296600  0.998273
 0.296733  0.998342
 0.296867  0.998410
 0.297000  0.998479
 0.297133  0.998547
 0.297267  0.998615
 0.297400  0.998684
 0.297533  0.998752
 0.297667  0.998820
 0.297800  0.998889
 0.297933  0.998957
 0.298067  0.999026
 0.298200  0.999094
 0.298333  0.999162
 0.298467  0.999231
 0.298600  0.999299
 0.298733  0.999368
 0.298867  0.999436
 0.299000  0.999504
 0.299133  0.999573
 0.299267  0.999641
 0.299400  0.999709
 0.299533  0.999778
 0.299667  0.999846
 0.299800  0.999915
 0.299933  0.999983
 0.300067  1.000000
 0.300200  0.999966
 0.300333  0.999932
 0.300467  0.999897
 0.300600  0.999863
 0.300733  0.999829
 0.300867  0.999795
 0.301000  0.999761
 0.301133  0.999726
 0.301267  0.999692
 0.301400  0.999658
 0.301533  0.999624
 0.301667  0.999590
 0.301800  0.999556
 0.301933  0.999521
 0.302067  0.999487
 0.302200  0.999453
 0.302333  0.999419
 0.302467  0.999385
 0.302600  0.999350
 0.302733  0.999316
 0.302867  0.999282
 0.303000  0.999248
 0.303133  0.999214
 0.303267  0.999179
 0.303400  0.999145
 0.303533  0.999111
 0.303667  0.999077
 0.303800  0.999043
 0.303933  0.999009
 0.304067  0.998974
 0.304200  0.998940
 0.304333  0.998906
 0.304467  0.998872
 0.304600  0.998838
 0.304733  0.998803
 0.304867  0.998769
 0.305000  0.998735
 0.305133  0.998701
 0.305267  0.998667
 0.305400  0.998632
 0.305533  0.998598
 0.305667  0.998564
 0.305800  0.998530
 0.305933  0.998496
 0.306067  0.998462
 0.306200  0.998427
 0.306333  0.998393
 0.306467  0.998359
 0.306600  0.998325
 0.306733  0.998291
 0.306867  0.998256
 0.307000  0.998222
 0.307133  0.998188
 0.307267  0.998154
 0.307400  0.998120
 0.307533  0.998085
 0.307667  0.998051
 0.307800  0.998017
 0.307933  0.997983
 0.308067  0.997949
 0.308200  0.997914
 0.308333  0.997880
 0.308467  0.997846
 0.308600  0.997812
 0.308733  0.997778
 0.308867  0.997744
 0.309000  0.997709
 0.309133  0.997675
 0.309267  0.997641
 0.309400  0.997607
 0.309533  0.997573
 0.309667  0.997538
 0.309800  0.997504
 0.309933  0.997470
 0.310067  0.997436
 0.310200  0.997402
 0.310333  0.997367
 0.310467  0.997333
 0.310600  0.997299
 0.310733  0.997265
 0.310867  0.997231
 0.311000  0.997197
 0.311133  0.997162
 0.311267  0.997128
 0.311400  0.997094
 0.311533  0.997060
 0.311667  0.997026
 0.311800  0.996991
 0.311933  0.996957
 0.312067  0.996923
 0.312200  0.996889
 0.312333  0.996855
 0.312467  0.996820
 0.312600  0.996786
 0.312733  0.996752
 0.312867  0.996718
 0.313000  0.996684
 0.313133  0.996650
 0.313267  0.996615
 0.313400  0.996581
 0.313533  0.996547
 0.313667  0.996513
 0.313800  0.996479
 0.313933  0.996444
 0.314067  0.996410
 0.314200  0.996376
 0.314333  0.996342
 0.314467  0.996308
 0.314600  0.996273
 0.314733  0.996239
 0.314867  0.996205
 0.315000  0.996171
 0.315133  0.996137
 0.315267  0.996103
 0.315400  0.996068
 0.315533  0.996034
 0.315667  0.996000
 0.315800  0.995966
 0.315933  0.995932
 0.316067  0.995897
 0.316200  0.995863
 0.316333  0.995829
 0.316467  0.995795
 0.316600  0.995761
 0.316733  0.995726
 0.316867  0.995692
 0.317000  0.995658
 0.317133  0.995624
 0.317267  0.995590
 0.317400  0.995555
 0.317533  0.995521
 0.317667  0.995487
 0.317800  0.995453
 0.317933  0.995419
 0.318067  0.995385
 0.318200  0.995350
 0.318333  0.995316
 0.318467  0.995282
 0.318600  0.995248
 0.318733  0.995214
 0.318867  0.995179
 0.319000  0.995145
 0.319133  0.995111
 0.319267  0.995077
 0.319400  0.995043
 0.319533  0.995008
 0.319667  0.994974
 0.319800  0.994940
 0.319933  0.994906
 0.320067  0.994872
 0.320200  0.994838
 0.320333  0.994803
 0.320467  0.994769
 0.320600  0.994735
 0.320733  0.994701
 0.320867  0.994667
 0.321000  0.994632
 0.321133  0.994598
 0.321267  0.994564
 0.321400  0.994530
 0.321533  0.994496
 0.321667  0.994461
 0.321800  0.994427
 0.321933  0.994393
 0.322067  0.994359
 0.322200  0.994325
 0.322333  0.994290
 0.322467  0.994256
 0.322600  0.994222
 0.322733  0.994188
 0.322867  0.994154
 0.323000  0.994120
 0.323133  0.994085
 0.323267  0.994051
 0.323400  0.994017
 0.323533  0.993983
 0.323667  0.993949
 0.323800  0.993914
 0.323933  0.993880
 0.324067  0.993846
 0.324200  0.993812
 0.324333  0.993778
 0.324467  0.993743
 0.324600  0.993709
 0.324733  0.993675
 0.324867  0.993641
 0.325000  0.993607
 0.325133  0.993573
 0.325267  0.993538
 0.325400  0.993504
 0.325533  0.993470
 0.325667  0.993436
 0.325800  0.993402
 0.325933  0.993367
 0.326067  0.993333
 0.326200  0.993299
 0.326333  0.993265
 0.326467  0.993231
 0.326600  0.993196
 0.326733  0.993162
 0.326867  0.993128
 0.327000  0.993094
 0.327133  0.993060
 0.327267  0.993026
 0.327400  0.992991
 0.327533  0.992957
 0.327667  0.992923
 0.327800  0.992889
 0.327933  0.992855
 0.328067  0.992820
 0.328200  0.992786
 0.328333  0.992752
 0.328467  0.992718
 0.328600  0.992684
 0.328733  0.992649
 0.328867  0.992615
 0.329000  0.992581
 0.329133  0.992547
 0.329267  0.992513
 0.329400  0.992479
 0.329533  0.992444
 0.329667  0.992410
 0.329800  0.992376
 0.329933  0.992342
 0.330067  0.992308
 0.330200  0.992273
 0.330333  0.992239
 0.330467  0.992205
 0.330600  0.992171
 0.330733  0.992137
 0.330867  0.992102
 0.331000  0.992068
 0.331133  0.992034
 0.331267  0.992000
 0.331400  0.991966
 0.331533  0.991931
 0.331667  0.991897
 0.331800  0.991863
 0.331933  0.991829
 0.332067  0.991795
 0.332200  0.991761
 0.332333  0.991726
 0.332467  0.991692
 0.332600  0.991658
 0.332733  0.991624
 0.332867  0.991590
 0.333000  0.991555
 0.333133  0.991521
 0.333267  0.991487
 0.333400  0.991453
 0.333533  0.991419
 0.333667  0.991384
 0.333800  0.991350
 0.333933  0.991316
 0.334067  0.991282
 0.334200  0.991248
 0.334333  0.991214
 0.334467  0.991179
 0.334600  0.991145
 0.334733  0.991111
 0.334867  0.991077
 0.335000  0.991043
 0.335133  0.991008
 0.335267  0.990974
 0.335400  0.990940
 0.335533  0.990906
 0.335667  0.990872
 0.335800  0.990837
 0.335933  0.990803
 0.336067  0.990769
 0.336200  0.990735
 0.336333  0.990701
 0.336467  0.990667
 0.336600  0.990632
 0.336733  0.990598
 0.336867  0.990564
 0.337000  0.990530
 0.337133  0.990496
 0.337267  0.990461
 0.337400  0.990427
 0.337533  0.990393
 0.337667  0.990359
 0.337800  0.990325
 0.337933  0.990290
 0.338067  0.990256
 0.338200  0.990222
 0.338333  0.990188
 0.338467  0.990154
 0.338600  0.990119
 0.338733  0.990085
 0.338867  0.990051
 0.339000  0.990017
 0.339133  0.989983
 0.339267  0.989949
 0.339400  0.989914
 0.339533  0.989880
 0.339667  0.989846
 0.339800  0.989812
 0.339933  0.989778
 0.340067  0.989743
 0.340200  0.989709
 0.340333  0.989675
 0.340467  0.989641
 0.340600  0.989607
 0.340733  0.989572
 0.340867  0.989538
 0.341000  0.989504
 0.341133  0.989470
 0.341267  0.989436
 0.341400  0.989402
 0.341533  0.989367
 0.341667  0.989333
 0.341800  0.989299
 0.341933  0.989265
 0.342067  0.989231
 0.342200  0.989196
 0.342333  0.989162
 0.342467  0.989128
 0.342600  0.989094
 0.342733  0.989060
 0.342867  0.989025
 0.343000  0.988991
 0.343133  0.988957
 0.343267  0.988923
 0.343400  0.988889
 0.343533  0.988855
 0.343667  0.988820
 0.343800  0.988786
 0.343933  0.988752
 0.344067  0.988718
 0.344200  0.988684
 0.344333  0.988649
 0.344467  0.988615
 0.344600  0.988581
 0.344733  0.988547
 0.344867  0.988513
 0.345000  0.988478
 0.345133  0.988444
 0.345267  0.988410
 0.345400  0.988376
 0.345533  0.988342
 0.345667  0.988307
 0.345800  0.988273
 0.345933  0.988239
 0.346067  0.988205
 0.346200  0.988171
 0.346333  0.988137
 0.346467  0.988102
 0.346600  0.988068
 0.346733  0.988034
 0.346867  0.988000
 0.347000  0.987966
 0.347133  0.987931
 0.347267  0.987897
 0.347400  0.987863
 0.347533  0.987829
 0.347667  0.987795
 0.347800  0.987760
 0.347933  0.987726
 0.348067  0.987692
 0.348200  0.987658
 0.348333  0.987624
 0.348467  0.987590
 0.348600  0.987555
 0.348733  0.987521
 0.348867  0.987487
 0.349000  0.987453
 0.349133  0.987419
 0.349267  0.987384
 0.349400  0.987350
 0.349533  0.987316
 0.349667  0.987282
 0.349800  0.987248
 0.349933  0.987213
 0.350067  0.987179
 0.350200  0.987145
 0.350333  0.987111
 0.350467  0.987077
 0.350600  0.987043
 0.350733  0.987008
 0.350867  0.986974
 0.351000  0.986940
 0.351133  0.986906
 0.351267  0.986872
 0.351400  0.986837
 0.351533  0.986803
 0.351667  0.986769
 0.351800  0.986735
 0.351933  0.986701
 0.352067  0.986666
 0.352200  0.986632
 0.352333  0.986598
 0.352467  0.986564
 0.352600  0.986530
 0.352733  0.986495
 0.352867  0.986461
 0.353000  0.986427
 0.353133  0.986393
 0.353267  0.986359
 0.353400  0.986325
 0.353533  0.986290
 0.353667  0.986256
 0.353800  0.986222
 0.353933  0.986188
 0.354067  0.986154
 0.354200  0.986119
 0.354333  0.986085
 0.354467  0.986051
 0.354600  0.986017
 0.354733  0.985983
 0.354867  0.985948
 0.355000  0.985914
 0.355133  0.985880
 0.355267  0.985846
 0.355400  0.985812
 0.355533  0.985778
 0.355667  0.985743
 0.355800  0.985709
 0.355933  0.985675
 0.356067  0.985641
 0.356200  0.985607
 0.356333  0.985572
 0.356467  0.985538
 0.356600  0.985504
 0.356733  0.985470
 0.356867  0.985436
 0.357000  0.985401
 0.357133  0.985367
 0.357267  0.985333
 0.357400  0.985299
 0.357533  0.985265
 0.357667  0.985231
 0.357800  0.985196
 0.357933  0.985162
 0.358067  0.985128
 0.358200  0.985094
 0.358333  0.985060
 0.358467  0.985025
 0.358600  0.984991
 0.358733  0.984957
 0.358867  0.984923
 0.359000  0.984889
 0.359133  0.984854
 0.359267  0.984820
 0.359400  0.984786
 0.359533  0.984752
 0.359667  0.984718
 0.359800  0.984684
 0.359933  0.984649
 0.360067  0.984615
 0.360200  0.984581
 0.360333  0.984547
 0.360467  0.984513
 0.360600  0.984478
 0.360733  0.984444
 0.360867  0.984410
 0.361000  0.984376
 0.361133  0.984342
 0.361267  0.984307
 0.361400  0.984273
 0.361533  0.984239
 0.361667  0.984205
 0.361800  0.984171
 0.361933  0.984136
 0.362067  0.984102
 0.362200  0.984068
 0.362333  0.984034
 0.362467  0.984000
 0.362600  0.983966
 0.362733  0.983931
 0.362867  0.983897
 0.363000  0.983863
 0.363133  0.983829
 0.363267  0.983795
 0.363400  0.983760
 0.363533  0.983726
 0.363667  0.983692
 0.363800  0.983658
 0.363933  0.983624
 0.364067  0.983589
 0.364200  0.983555
 0.364333  0.983521
 0.364467  0.983487
 0.364600  0.983453
 0.364733  0.983419
 0.364867  0.983384
 0.365000  0.983350
 0.365133  0.983316
 0.365267  0.983282
 0.365400  0.983248
 0.365533  0.983213
 0.365667  0.983179
 0.365800  0.983145
 0.365933  0.983111
 0.366067  0.983077
 0.366200  0.983042
 0.366333  0.983008
 0.366467  0.982974
 0.366600  0.982940
 0.366733  0.982906
 0.366867  0.982872
 0.367000  0.982837
 0.367133  0.982803
 0.367267  0.982769
 0.367400  0.982735
 0.367533  0.982701
 0.367667  0.982666
 0.367800  0.982632
 0.367933  0.982598
 0.368067  0.982564
 0.368200  0.982530
 0.368333  0.982495
 0.368467  0.982461
 0.368600  0.982427
 0.368733  0.982393
 0.368867  0.982359
 0.369000  0.982324
 0.369133  0.982290
 0.369267  0.982256
 0.369400  0.982222
 0.369533  0.982188
 0.369667  0.982154
 0.369800  0.982119
 0.369933  0.982085
 0.370067  0.982051
 0.370200  0.982017
 0.370333  0.981983
 0.370467  0.981948
 0.370600  0.981914
 0.370733  0.981880
 0.370867  0.981846
 0.371000  0.981812
 0.371133  0.981777
 0.371267  0.981743
 0.371400  0.981709
 0.371533  0.981675
 0.371667  0.981641
 0.371800  0.981607
 0.371933  0.981572
 0.372067  0.981538
 0.372200  0.981504
 0.372333  0.981470
 0.372467  0.981436
 0.372600  0.981401
 0.372733  0.981367
 0.372867  0.981333
 0.373000  0.981299
 0.373133  0.981265
 0.373267  0.981230
 0.373400  0.981196
 0.373533  0.981162
 0.373667  0.981128
 0.373800  0.981094
 0.373933  0.981060
 0.374067  0.981025
 0.374200  0.980991
 0.374333  0.980957
 0.374467  0.980923
 0.374600  0.980889
 0.374733  0.980854
 0.374867  0.980820
 0.375000  0.980786
 0.375133  0.980752
 0.375267  0.980718
 0.375400  0.980683
 0.375533  0.980649
 0.375667  0.980615
 0.375800  0.980581
 0.375933  0.980547
 0.376067  0.980512
 0.376200  0.980478
 0.376333  0.980444
 0.376467  0.980410
 0.376600  0.980376
 0.376733  0.980342
 0.376867  0.980307
 0.377000  0.980273
 0.377133  0.980239
 0.377267  0.980205
 0.377400  0.980171
 0.377533  0.980136
 0.377667  0.980102
 0.377800  0.980068
 0.377933  0.980034
 0.378067  0.980000
 0.378200  0.979965
 0.378333  0.979931
 0.378467  0.979897
 0.378600  0.979863
 0.378733  0.979829
 0.378867  0.979795
 0.379000  0.979760
 0.379133  0.979726
 0.379267  0.979692
 0.379400  0.979658
 0.379533  0.979624
 0.379667  0.979589
 0.379800  0.979555
 0.379933  0.979521
 0.380067  0.979487
 0.380200  0.979453
 0.380333  0.979418
 0.380467  0.979384
 0.380600  0.979350
 0.380733  0.979316
 0.380867  0.979282
 0.381000  0.979248
 0.381133  0.979213
 0.381267  0.979179
 0.381400  0.979145
 0.381533  0.979111
 0.381667  0.979077
 0.381800  0.979042
 0.381933  0.979008
 0.382067  0.978974
 0.382200  0.978940
 0.382333  0.978906
 0.382467  0.978871
 0.382600  0.978837
 0.382733  0.978803
 0.382867  0.978769
 0.383000  0.978735
 0.383133  0.978700
 0.383267  0.978666
 0.383400  0.978632
 0.383533  0.978598
 0.383667  0.978564
 0.383800  0.978530
 0.383933  0.978495
 0.384067  0.978461
 0.384200  0.978427
 0.384333  0.978393
 0.384467  0.978359
 0.384600  0.978324
 0.384733  0.978290
 0.384867  0.978256
 0.385000  0.978222
 0.385133  0.978188
 0.385267  0.978153
 0.385400  0.978119
 0.385533  0.978085
 0.385667  0.978051
 0.385800  0.978017
 0.385933  0.977983
 0.386067  0.977948
 0.386200  0.977914
 0.386333  0.977880
 0.386467  0.977846
 0.386600  0.977812
 0.386733  0.977777
 0.386867  0.977743
 0.387000  0.977709
 0.387133  0.977675
 0.387267  0.977641
 0.387400  0.977606
 0.387533  0.977572
 0.387667  0.977538
 0.387800  0.977504
 0.387933  0.977470
 0.388067  0.977436
 0.388200  0.977401
 0.388333  0.977367
 0.388467  0.977333
 0.388600  0.977299
 0.388733  0.977265
 0.388867  0.977230
 0.389000  0.977196
 0.389133  0.977162
 0.389267  0.977128
 0.389400  0.977094
 0.389533  0.977059
 0.389667  0.977025
 0.389800  0.976991
 0.389933  0.976957
 0.390067  0.976923
 0.390200  0.976888
 0.390333  0.976854
 0.390467  0.976820
 0.390600  0.976786
 0.390733  0.976752
 0.390867  0.976718
 0.391000  0.976683
 0.391133  0.976649
 0.391267  0.976615
 0.391400  0.976581
 0.391533  0.976547
 0.391667  0.976512
 0.391800  0.976478
 0.391933  0.976444
 0.392067  0.976410
 0.392200  0.976376
 0.392333  0.976341
 0.392467  0.976307
 0.392600  0.976273
 0.392733  0.976239
 0.392867  0.976205
 0.393000  0.976171
 0.393133  0.976136
 0.393267  0.976102
 0.393400  0.976068
 0.393533  0.976034
 0.393667  0.976000
 0.393800  0.975965
 0.393933  0.975931
 0.394067  0.975897
 0.394200  0.975863
 0.394333  0.975829
 0.394467  0.975794
 0.394600  0.975760
 0.394733  0.975726
 0.394867  0.975692
 0.395000  0.975658
 0.395133  0.975624
 0.395267  0.975589
 0.395400  0.975555
 0.395533  0.975521
 0.395667  0.975487
 0.395800  0.975453
 0.395933  0.975418
 0.396067  0.975384
 0.396200  0.975350
 0.396333  0.975316
 0.396467  0.975282
 0.396600  0.975247
 0.396733  0.975213
 0.396867  0.975179
 0.397000  0.975145
 0.397133  0.975111
 0.397267  0.975077
 0.397400  0.975042
 0.397533  0.975008
 0.397667  0.974974
 0.397800  0.974940
 0.397933  0.974906
 0.398067  0.974871
 0.398200  0.974837
 0.398333  0.974803
 0.398467  0.974769
 0.398600  0.974735
 0.398733  0.974700
 0.398867  0.974666
 0.399000  0.974632
 0.399133  0.974598
 0.399267  0.974564
 0.399400  0.974529
 0.399533  0.974495
 0.399667  0.974461
 0.399800  0.974427
 0.399933  0.974393
 0.400067  0.974350
 0.400200  0.974299
 0.400333  0.974247
 0.400467  0.974196
 0.400600  0.974145
 0.400733  0.974094
 0.400867  0.974042
 0.401000  0.973991
 0.401133  0.973940
 0.401267  0.973888
 0.401400  0.973837
 0.401533  0.973786
 0.401667  0.973735
 0.401800  0.973683
 0.401933  0.973632
 0.402067  0.973581
 0.402200  0.973529
 0.402333  0.973478
 0.402467  0.973427
 0.402600  0.973376
 0.402733  0.973324
 0.402867  0.973273
 0.403000  0.973222
 0.403133  0.973170
 0.403267  0.973119
 0.403400  0.973068
 0.403533  0.973017
 0.403667  0.972965
 0.403800  0.972914
 0.403933  0.972863
 0.404067  0.972812
 0.404200  0.972760
 0.404333  0.972709
 0.404467  0.972658
 0.404600  0.972606
 0.404733  0.972555
 0.404867  0.972504
 0.405000  0.972453
 0.405133  0.972401
 0.405267  0.972350
 0.405400  0.972299
 0.405533  0.972247
 0.405667  0.972196
 0.405800  0.972145
 0.405933  0.972094
 0.406067  0.972042
 0.406200  0.971991
 0.406333  0.971940
 0.406467  0.971888
 0.406600  0.971837
 0.406733  0.971786
 0.406867  0.971735
 0.407000  0.971683
 0.407133  0.971632
 0.407267  0.971581
 0.407400  0.971529
 0.407533  0.971478
 0.407667  0.971427
 0.407800  0.971376
 0.407933  0.971324
 0.408067  0.971273
 0.408200  0.971222
 0.408333  0.971170
 0.408467  0.971119
 0.408600  0.971068
 0.408733  0.971017
 0.408867  0.970965
 0.409000  0.970914
 0.409133  0.970863
 0.409267  0.970811
 0.409400  0.970760
 0.409533  0.970709
 0.409667  0.970658
 0.409800  0.970606
 0.409933  0.970555
 0.410067  0.970504
 0.410200  0.970452
 0.410333  0.970401
 0.410467  0.970350
 0.410600  0.970299
 0.410733  0.970247
 0.410867  0.970196
 0.411000  0.970145
 0.411133  0.970094
 0.411267  0.970042
 0.411400  0.969991
 0.411533  0.969940
 0.411667  0.969888
 0.411800  0.969837
 0.411933  0.969786
 0.412067  0.969735
 0.412200  0.969683
 0.412333  0.969632
 0.412467  0.969581
 0.412600  0.969529
 0.412733  0.969478
 0.412867  0.969427
 0.413000  0.969376
 0.413133  0.969324
 0.413267  0.969273
 0.413400  0.969222
 0.413533  0.969170
 0.413667  0.969119
 0.413800  0.969068
 0.413933  0.969017
 0.414067  0.968965
 0.414200  0.968914
 0.414333  0.968863
 0.414467  0.968811
 0.414600  0.968760
 0.414733  0.968709
 0.414867  0.968658
 0.415000  0.968606
 0.415133  0.968555
 0.415267  0.968504
 0.415400  0.968452
 0.415533  0.968401
 0.415667  0.968350
 0.415800  0.968299
 0.415933  0.968247
 0.416067  0.968196
 0.416200  0.968145
 0.416333  0.968093
 0.416467  0.968042
 0.416600  0.967991
 0.416733  0.967940
 0.416867  0.967888
 0.417000  0.967837
 0.417133  0.967786
 0.417267  0.967734
 0.417400  0.967683
 0.417533  0.967632
 0.417667  0.967581
 0.417800  0.967529
 0.417933  0.967478
 0.418067  0.967427
 0.418200  0.967376
 0.418333  0.967324
 0.418467  0.967273
 0.418600  0.967222
 0.418733  0.967170
 0.418867  0.967119
 0.419000  0.967068
 0.419133  0.967017
 0.419267  0.966965
 0.419400  0.966914
 0.419533  0.966863
 0.419667  0.966811
 0.419800  0.966760
 0.419933  0.966709
 0.420067  0.966658
 0.420200  0.966606
 0.420333  0.966555
 0.420467  0.966504
 0.420600  0.966452
 0.420733  0.966401
 0.420867  0.966350
 0.421000  0.966299
 0.421133  0.966247
 0.421267  0.966196
 0.421400  0.966145
 0.421533  0.966093
 0.421667  0.966042
 0.421800  0.965991
 0.421933  0.965940
 0.422067  0.965888
 0.422200  0.965837
 0.422333  0.965786
 0.422467  0.965734
 0.422600  0.965683
 0.422733  0.965632
 0.422867  0.965581
 0.423000  0.965529
 0.423133  0.965478
 0.423267  0.965427
 0.423400  0.965375
 0.423533  0.965324
 0.423667  0.965273
 0.423800  0.965222
 0.423933  0.965170
 0.424067  0.965119
 0.424200  0.965068
 0.424333  0.965017
 0.424467  0.964965
 0.424600  0.964914
 0.424733  0.964863
 0.424867  0.964811
 0.425000  0.964760
 0.425133  0.964709
 0.425267  0.964658
 0.425400  0.964606
 0.425533  0.964555
 0.425667  0.964504
 0.425800  0.964452
 0.425933  0.964401
 0.426067  0.964350
 0.426200  0.964299
 0.426333  0.964247
 0.426467  0.964196
 0.426600  0.964145
 0.426733  0.964093
 0.426867  0.964042
 0.427000  0.963991
 0.427133  0.963940
 0.427267  0.963888
 0.427400  0.963837
 0.427533  0.963786
 0.427667  0.963734
 0.427800  0.963683
 0.427933  0.963632
 0.428067  0.963581
 0.428200  0.963529
 0.428333  0.963478
 0.428467  0.963427
 0.428600  0.963375
 0.428733  0.963324
 0.428867  0.963273
 0.429000  0.963222
 0.429133  0.963170
 0.429267  0.963119
 0.429400  0.963068
 0.429533  0.963016
 0.429667  0.962965
 0.429800  0.962914
 0.429933  0.962863
 0.430067  0.962811
 0.430200  0.962760
 0.430333  0.962709
 0.430467  0.962657
 0.430600  0.962606
 0.430733  0.962555
 0.430867  0.962504
 0.431000  0.962452
 0.431133  0.962401
 0.431267  0.962350
 0.431400  0.962298
 0.431533  0.962247
 0.431667  0.962196
 0.431800  0.962145
 0.431933  0.962093
 0.432067  0.962042
 0.432200  0.961991
 0.432333  0.961940
 0.432467  0.961888
 0.432600  0.961837
 0.432733  0.961786
 0.432867  0.961734
 0.433000  0.961683
 0.433133  0.961632
 0.433267  0.961581
 0.433400  0.961529
 0.433533  0.961478
 0.433667  0.961427
 0.433800  0.961375
 0.433933  0.961324
 0.434067  0.961273
 0.434200  0.961222
 0.434333  0.961170
 0.434467  0.961119
 0.434600  0.961068
 0.434733  0.961016
 0.434867  0.960965
 0.435000  0.960914
 0.435133  0.960863
 0.435267  0.960811
 0.435400  0.960760
 0.435533  0.960709
 0.435667  0.960657
 0.435800  0.960606
 0.435933  0.960555
 0.436067  0.960504
 0.436200  0.960452
 0.436333  0.960401
 0.436467  0.960350
 0.436600  0.960298
 0.436733  0.960247
 0.436867  0.960196
 0.437000  0.960145
 0.437133  0.960093
 0.437267  0.960042
 0.437400  0.959991
 0.437533  0.959939
 0.437667  0.959888
 0.437800  0.959837
 0.437933  0.959786
 0.438067  0.959734
 0.438200  0.959683
 0.438333  0.959632
 0.438467  0.959581
 0.438600  0.959529
 0.438733  0.959478
 0.438867  0.959427
 0.439000  0.959375
 0.439133  0.959324
 0.439267  0.959273
 0.439400  0.959222
 0.439533  0.959170
 0.439667  0.959119
 0.439800  0.959068
 0.439933  0.959016
 0.440067  0.958965
 0.440200  0.958914
 0.440333  0.958863
 0.440467  0.958811
 0.440600  0.958760
 0.440733  0.958709
 0.440867  0.958657
 0.441000  0.958606
 0.441133  0.958555
 0.441267  0.958504
 0.441400  0.958452
 0.441533  0.958401
 0.441667  0.958350
 0.441800  0.958298
 0.441933  0.958247
 0.442067  0.958196
 0.442200  0.958145
 0.442333  0.958093
 0.442467  0.958042
 0.442600  0.957991
 0.442733  0.957939
 0.442867  0.957888
 0.443000  0.957837
 0.443133  0.957786
 0.443267  0.957734
 0.443400  0.957683
 0.443533  0.957632
 0.443667  0.957580
 0.443800  0.957529
 0.443933  0.957478
 0.444067  0.957427
 0.444200  0.957375
 0.444333  0.957324
 0.444467  0.957273
 0.444600  0.957221
 0.444733  0.957170
 0.444867  0.957119
 0.445000  0.957068
 0.445133  0.957016
 0.445267  0.956965
 0.445400  0.956914
 0.445533  0.956863
 0.445667  0.956811
 0.445800  0.956760
 0.445933  0.956709
 0.446067  0.956657
 0.446200  0.956606
 0.446333  0.956555
 0.446467  0.956504
 0.446600  0.956452
 0.446733  0.956401
 0.446867  0.956350
 0.447000  0.956298
 0.447133  0.956247
 0.447267  0.956196
 0.447400  0.956145
 0.447533  0.956093
 0.447667  0.956042
 0.447800  0.955991
 0.447933  0.955939
 0.448067  0.955888
 0.448200  0.955837
 0.448333  0.955786
 0.448467  0.955734
 0.448600  0.955683
 0.448733  0.955632
 0.448867  0.955580
 0.449000  0.955529
 0.449133  0.955478
 0.449267  0.955427
 0.449400  0.955375
 0.449533  0.955324
 0.449667  0.955273
 0.449800  0.955221
 0.449933  0.955170
 0.450067  0.955119
 0.450200  0.955068
 0.450333  0.955016
 0.450467  0.954965
 0.450600  0.954914
 0.450733  0.954862
 0.450867  0.954811
 0.451000  0.954760
 0.451133  0.954709
 0.451267  0.954657
 0.451400  0.954606
 0.451533  0.954555
 0.451667  0.954503
 0.451800  0.954452
 0.451933  0.954401
 0.452067  0.954350
 0.452200  0.954298
 0.452333  0.954247
 0.452467  0.954196
 0.452600  0.954145
 0.452733  0.954093
 0.452867  0.954042
 0.453000  0.953991
 0.453133  0.953939
 0.453267  0.953888
 0.453400  0.953837
 0.453533  0.953786
 0.453667  0.953734
 0.453800  0.953683
 0.453933  0.953632
 0.454067  0.953580
 0.454200  0.953529
 0.454333  0.953478
 0.454467  0.953427
 0.454600  0.953375
 0.454733  0.953324
 0.454867  0.953273
 0.455000  0.953221
 0.455133  0.953170
 0.455267  0.953119
 0.455400  0.953068
 0.455533  0.953016
 0.455667  0.952965
 0.455800  0.952914
 0.455933  0.952862
 0.456067  0.952811
 0.456200  0.952760
 0.456333  0.952709
 0.456467  0.952657
 0.456600  0.952606
 0.456733  0.952555
 0.456867  0.952503
 0.457000  0.952452
 0.457133  0.952401
 0.457267  0.952350
 0.457400  0.952298
 0.457533  0.952247
 0.457667  0.952196
 0.457800  0.952144
 0.457933  0.952093
 0.458067  0.952042
 0.458200  0.951991
 0.458333  0.951939
 0.458467  0.951888
 0.458600  0.951837
 0.458733  0.951785
 0.458867  0.951734
 0.459000  0.951683
 0.459133  0.951632
 0.459267  0.951580
 0.459400  0.951529
 0.459533  0.951478
 0.459667  0.951427
 0.459800  0.951375
 0.459933  0.951324
 0.460067  0.951273
 0.460200  0.951221
 0.460333  0.951170
 0.460467  0.951119
 0.460600  0.951068
 0.460733  0.951016
 0.460867  0.950965
 0.461000  0.950914
 0.461133  0.950862
 0.461267  0.950811
 0.461400  0.950760
 0.461533  0.950709
 0.461667  0.950657
 0.461800  0.950606
 0.461933  0.950555
 0.462067  0.950503
 0.462200  0.950452
 0.462333  0.950401
 0.462467  0.950350
 0.462600  0.950298
 0.462733  0.950247
 0.462867  0.950196
 0.463000  0.950144
 0.463133  0.950093
 0.463267  0.950042
 0.463400  0.949991
 0.463533  0.949939
 0.463667  0.949888
 0.463800  0.949837
 0.463933  0.949785
 0.464067  0.949734
 0.464200  0.949683
 0.464333  0.949632
 0.464467  0.949580
 0.464600  0.949529
 0.464733  0.949478
 0.464867  0.949426
 0.465000  0.949375
 0.465133  0.949324
 0.465267  0.949273
 0.465400  0.949221
 0.465533  0.949170
 0.465667  0.949119
 0.465800  0.949068
 0.465933  0.949016
 0.466067  0.948965
 0.466200  0.948914
 0.466333  0.948862
 0.466467  0.948811
 0.466600  0.948760
 0.466733  0.948709
 0.466867  0.948657
 0.467000  0.948606
 0.467133  0.948555
 0.467267  0.948503
 0.467400  0.948452
 0.467533  0.948401
 0.467667  0.948350
 0.467800  0.948298
 0.467933  0.948247
 0.468067  0.948196
 0.468200  0.948144
 0.468333  0.948093
 0.468467  0.948042
 0.468600  0.947991
 0.468733  0.947939
 0.468867  0.947888
 0.469000  0.947837
 0.469133  0.947785
 0.469267  0.947734
 0.469400  0.947683
 0.469533  0.947632
 0.469667  0.947580
 0.469800  0.947529
 0.469933  0.947478
 0.470067  0.947426
 0.470200  0.947375
 0.470333  0.947324
 0.470467  0.947273
 0.470600  0.947221
 0.470733  0.947170
 0.470867  0.947119
 0.471000  0.947067
 0.471133  0.947016
 0.471267  0.946965
 0.471400  0.946914
 0.471533  0.946862
 0.471667  0.946811
 0.471800  0.946760
 0.471933  0.946708
 0.472067  0.946657
 0.472200  0.946606
 0.472333  0.946555
 0.472467  0.946503
 0.472600  0.946452
 0.472733  0.946401
 0.472867  0.946350
 0.473000  0.946298
 0.473133  0.946247
 0.473267  0.946196
 0.473400  0.946144
 0.473533  0.946093
 0.473667  0.946042
 0.473800  0.945991
 0.473933  0.945939
 0.474067  0.945888
 0.474200  0.945837
 0.474333  0.945785
 0.474467  0.945734
 0.474600  0.945683
 0.474733  0.945632
 0.474867  0.945580
 0.475000  0.945529
 0.475133  0.945478
 0.475267  0.945426
 0.475400  0.945375
 0.475533  0.945324
 0.475667  0.945273
 0.475800  0.945221
 0.475933  0.945170
 0.476067  0.945119
 0.476200  0.945067
 0.476333  0.945016
 0.476467  0.944965
 0.476600  0.944914
 0.476733  0.944862
 0.476867  0.944811
 0.477000  0.944760
 0.477133  0.944708
 0.477267  0.944657
 0.477400  0.944606
 0.477533  0.944555
 0.477667  0.944503
 0.477800  0.944452
 0.477933  0.944401
 0.478067  0.944349
 0.478200  0.944298
 0.478333  0.944247
 0.478467  0.944196
 0.478600  0.944144
 0.478733  0.944093
 0.478867  0.944042
 0.479000  0.943990
 0.479133  0.943939
 0.479267  0.943888
 0.479400  0.943837
 0.479533  0.943785
 0.479667  0.943734
 0.479800  0.943683
 0.479933  0.943632
 0.480067  0.943580
 0.480200  0.943529
 0.480333  0.943478
 0.480467  0.943426
 0.480600  0.943375
 0.480733  0.943324
 0.480867  0.943273
 0.481000  0.943221
 0.481133  0.943170
 0.481267  0.943119
 0.481400  0.943067
 0.481533  0.943016
 0.481667  0.942965
 0.481800  0.942914
 0.481933  0.942862
 0.482067  0.942811
 0.482200  0.942760
 0.482333  0.942708
 0.482467  0.942657
 0.482600  0.942606
 0.482733  0.942555
 0.482867  0.942503
 0.483000  0.942452
 0.483133  0.942401
 0.483267  0.942349
 0.483400  0.942298
 0.483533  0.942247
 0.483667  0.942196
 0.483800  0.942144
 0.483933  0.942093
 0.484067  0.942042
 0.484200  0.941990
 0.484333  0.941939
 0.484467  0.941888
 0.484600  0.941837
 0.484733  0.941785
 0.484867  0.941734
 0.485000  0.941683
 0.485133  0.941631
 0.485267  0.941580
 0.485400  0.941529
 0.485533  0.941478
 0.485667  0.941426
 0.485800  0.941375
 0.485933  0.941324
 0.486067  0.941272
 0.486200  0.941221
 0.486333  0.941170
 0.486467  0.941119
 0.486600  0.941067
 0.486733  0.941016
 0.486867  0.940965
 0.487000  0.940914
 0.487133  0.940862
 0.487267  0.940811
 0.487400  0.940760
 0.487533  0.940708
 0.487667  0.940657
 0.487800  0.940606
 0.487933  0.940555
 0.488067  0.940503
 0.488200  0.940452
 0.488333  0.940401
 0.488467  0.940349
 0.488600  0.940298
 0.488733  0.940247
 0.488867  0.940196
 0.489000  0.940144
 0.489133  0.940093
 0.489267  0.940042
 0.489400  0.939990
 0.489533  0.939939
 0.489667  0.939888
 0.489800  0.939837
 0.489933  0.939785
 0.490067  0.939734
 0.490200  0.939683
 0.490333  0.939631
 0.490467  0.939580
 0.490600  0.939529
 0.490733  0.939478
 0.490867  0.939426
 0.491000  0.939375
 0.491133  0.939324
 0.491267  0.939272
 0.491400  0.939221
 0.491533  0.939170
 0.491667  0.939119
 0.491800  0.939067
 0.491933  0.939016
 0.492067  0.938965
 0.492200  0.938913
 0.492333  0.938862
 0.492467  0.938811
 0.492600  0.938760
 0.492733  0.938708
 0.492867  0.938657
 0.493000  0.938606
 0.493133  0.938555
 0.493267  0.938503
 0.493400  0.938452
 0.493533  0.938401
 0.493667  0.938349
 0.493800  0.938298
 0.493933  0.938247
 0.494067  0.938196
 0.494200  0.938144
 0.494333  0.938093
 0.494467  0.938042
 0.494600  0.937990
 0.494733  0.937939
 0.494867  0.937888
 0.495000  0.937837
 0.495133  0.937785
 0.495267  0.937734
 0.495400  0.937683
 0.495533  0.937631
 0.495667  0.937580
 0.495800  0.937529
 0.495933  0.937478
 0.496067  0.937426
 0.496200  0.937375
 0.496333  0.937324
 0.496467  0.937272
 0.496600  0.937221
 0.496733  0.937170
 0.496867  0.937119
 0.497000  0.937067
 0.497133  0.937016
 0.497267  0.936965
 0.497400  0.936913
 0.497533  0.936862
 0.497667  0.936811
 0.497800  0.936760
 0.497933  0.936708
 0.498067  0.936657
 0.498200  0.936606
 0.498333  0.936554
 0.498467  0.936503
 0.498600  0.936452
 0.498733  0.936401
 0.498867  0.936349
 0.499000  0.936298
 0.499133  0.936247
 0.499267  0.936195
 0.499400  0.936144
 0.499533  0.936093
 0.499667  0.936042
 0.499800  0.935990
 0.499933  0.935939
 0.500067  0.935879
 0.500200  0.935811
 0.500333  0.935742
 0.500467  0.935674
 0.500600  0.935606
 0.500733  0.935537
 0.500867  0.935469
 0.501000  0.935401
 0.501133  0.935332
 0.501267  0.935264
 0.501400  0.935195
 0.501533  0.935127
 0.501667  0.935059
 0.501800  0.934990
 0.501933  0.934922
 0.502067  0.934854
 0.502200  0.934785
 0.502333  0.934717
 0.502467  0.934648
 0.502600  0.934580
 0.502733  0.934512
 0.502867  0.934443
 0.503000  0.934375
 0.503133  0.934307
 0.503267  0.934238
 0.503400  0.934170
 0.503533  0.934101
 0.503667  0.934033
 0.503800  0.933965
 0.503933  0.933896
 0.504067  0.933828
 0.504200  0.933760
 0.504333  0.933691
 0.504467  0.933623
 0.504600  0.933554
 0.504733  0.933486
 0.504867  0.933418
 0.505000  0.933349
 0.505133  0.933281
 0.505267  0.933213
 0.505400  0.933144
 0.505533  0.933076
 0.505667  0.933007
 0.505800  0.932939
 0.505933  0.932871
 0.506067  0.932802
 0.506200  0.932734
 0.506333  0.932666
 0.506467  0.932597
 0.506600  0.932529
 0.506733  0.932460
 0.506867  0.932392
 0.507000  0.932324
 0.507133  0.932255
 0.507267  0.932187
 0.507400  0.932118
 0.507533  0.932050
 0.507667  0.931982
 0.507800  0.931913
 0.507933  0.931845
 0.508067  0.931777
 0.508200  0.931708
 0.508333  0.931640
 0.508467  0.931571
 0.508600  0.931503
 0.508733  0.931435
 0.508867  0.931366
 0.509000  0.931298
 0.509133  0.931230
 0.509267  0.931161
 0.509400  0.931093
 0.509533  0.931024
 0.509667  0.930956
 0.509800  0.930888
 0.509933  0.930819
 0.510067  0.930751
 0.510200  0.930683
 0.510333  0.930614
 0.510467  0.930546
 0.510600  0.930477
 0.510733  0.930409
 0.510867  0.930341
 0.511000  0.930272
 0.511133  0.930204
 0.511267  0.930136
 0.511400  0.930067
 0.511533  0.929999
 0.511667  0.929930
 0.511800  0.929862
 0.511933  0.929794
 0.512067  0.929725
 0.512200  0.929657
 0.512333  0.929589
 0.512467  0.929520
 0.512600  0.929452
 0.512733  0.929383
 0.512867  0.929315
 0.513000  0.929247
 0.513133  0.929178
 0.513267  0.929110
 0.513400  0.929042
 0.513533  0.928973
 0.513667  0.928905
 0.513800  0.928836
 0.513933  0.928768
 0.514067  0.928700
 0.514200  0.928631
 0.514333  0.928563
 0.514467  0.928495
 0.514600  0.928426
 0.514733  0.928358
 0.514867  0.928289
 0.515000  0.928221
 0.515133  0.928153
 0.515267  0.928084
 0.515400  0.928016
 0.515533  0.927947
 0.515667  0.927879
 0.515800  0.927811
 0.515933  0.927742
 0.516067  0.927674
 0.516200  0.927606
 0.516333  0.927537
 0.516467  0.927469
 0.516600  0.927400
 0.516733  0.927332
 0.516867  0.927264
 0.517000  0.927195
 0.517133  0.927127
 0.517267  0.927059
 0.517400  0.926990
 0.517533  0.926922
 0.517667  0.926853
 0.517800  0.926785
 0.517933  0.926717
 0.518067  0.926648
 0.518200  0.926580
 0.518333  0.926512
 0.518467  0.926443
 0.518600  0.926375
 0.518733  0.926306
 0.518867  0.926238
 0.519000  0.926170
 0.519133  0.926101
 0.519267  0.926033
 0.519400  0.925965
 0.519533  0.925896
 0.519667  0.925828
 0.519800  0.925759
 0.519933  0.925691
 0.520067  0.925623
 0.520200  0.925554
 0.520333  0.925486
 0.520467  0.925418
 0.520600  0.925349
 0.520733  0.925281
 0.520867  0.925212
 0.521000  0.925144
 0.521133  0.925076
 0.521267  0.925007
 0.521400  0.924939
 0.521533  0.924871
 0.521667  0.924802
 0.521800  0.924734
 0.521933  0.924665
 0.522067  0.924597
 0.522200  0.924529
 0.522333  0.924460
 0.522467  0.924392
 0.522600  0.924323
 0.522733  0.924255
 0.522867  0.924187
 0.523000  0.924118
 0.523133  0.924050
 0.523267  0.923982
 0.523400  0.923913
 0.523533  0.923845
 0.523667  0.923776
 0.523800  0.923708
 0.523933  0.923640
 0.524067  0.923571
 0.524200  0.923503
 0.524333  0.923435
 0.524467  0.923366
 0.524600  0.923298
 0.524733  0.923229
 0.524867  0.923161
 0.525000  0.923093
 0.525133  0.923024
 0.525267  0.922956
 0.525400  0.922888
 0.525533  0.922819
 0.525667  0.922751
 0.525800  0.922682
 0.525933  0.922614
 0.526067  0.922546
 0.526200  0.922477
 0.526333  0.922409
 0.526467  0.922341
 0.526600  0.922272
 0.526733  0.922204
 0.526867  0.922135
 0.527000  0.922067
 0.527133  0.921999
 0.527267  0.921930
 0.527400  0.921862
 0.527533  0.921794
 0.527667  0.921725
 0.527800  0.921657
 0.527933  0.921588
 0.528067  0.921520
 0.528200  0.921452
 0.528333  0.921383
 0.528467  0.921315
 0.528600  0.921247
 0.528733  0.921178
 0.528867  0.921110
 0.529000  0.921041
 0.529133  0.920973
 0.529267  0.920905
 0.529400  0.920836
 0.529533  0.920768
 0.529667  0.920700
 0.529800  0.920631
 0.529933  0.920563
 0.530067  0.920494
 0.530200  0.920426
 0.530333  0.920358
 0.530467  0.920289
 0.530600  0.920221
 0.530733  0.920152
 0.530867  0.920084
 0.531000  0.920016
 0.531133  0.919947
 0.531267  0.919879
 0.531400  0.919811
 0.531533  0.919742
 0.531667  0.919674
 0.531800  0.919605
 0.531933  0.919537
 0.532067  0.919469
 0.532200  0.919400
 0.532333  0.919332
 0.532467  0.919264
 0.532600  0.919195
 0.532733  0.919127
 0.532867  0.919058
 0.533000  0.918990
 0.533133  0.918922
 0.533267  0.918853
 0.533400  0.918785
 0.533533  0.918717
 0.533667  0.918648
 0.533800  0.918580
 0.533933  0.918511
 0.534067  0.918443
 0.534200  0.918375
 0.534333  0.918306
 0.534467  0.918238
 0.534600  0.918170
 0.534733  0.918101
 0.534867  0.918033
 0.535000  0.917964
 0.535133  0.917896
 0.535267  0.917828
 0.535400  0.917759
 0.535533  0.917691
 0.535667  0.917623
 0.535800  0.917554
 0.535933  0.917486
 0.536067  0.917417
 0.536200  0.917349
 0.536333  0.917281
 0.536467  0.917212
 0.536600  0.917144
 0.536733  0.917076
 0.536867  0.917007
 0.537000  0.916939
 0.537133  0.916870
 0.537267  0.916802
 0.537400  0.916734
 0.537533  0.916665
 0.537667  0.916597
 0.537800  0.916528
 0.537933  0.916460
 0.538067  0.916392
 0.538200  0.916323
 0.538333  0.916255
 0.538467  0.916187
 0.538600  0.916118
 0.538733  0.916050
 0.538867  0.915981
 0.539000  0.915913
 0.539133  0.915845
 0.539267  0.915776
 0.539400  0.915708
 0.539533  0.915640
 0.539667  0.915571
 0.539800  0.915503
 0.539933  0.915434
 0.540067  0.915366
 0.540200  0.915298
 0.540333  0.915229
 0.540467  0.915161
 0.540600  0.915093
 0.540733  0.915024
 0.540867  0.914956
 0.541000  0.914887
 0.541133  0.914819
 0.541267  0.914751
 0.541400  0.914682
 0.541533  0.914614
 0.541667  0.914546
 0.541800  0.914477
 0.541933  0.914409
 0.542067  0.914340
 0.542200  0.914272
 0.542333  0.914204
 0.542467  0.914135
 0.542600  0.914067
 0.542733  0.913999
 0.542867  0.913930
 0.543000  0.913862
 0.543133  0.913793
 0.543267  0.913725
 0.543400  0.913657
 0.543533  0.913588
 0.543667  0.913520
 0.543800  0.913452
 0.543933  0.913383
 0.544067  0.913315
 0.544200  0.913246
 0.544333  0.913178
 0.544467  0.913110
 0.544600  0.913041
 0.544733  0.912973
 0.544867  0.912904
 0.545000  0.912836
 0.545133  0.912768
 0.545267  0.912699
 0.545400  0.912631
 0.545533  0.912563
 0.545667  0.912494
 0.545800  0.912426
 0.545933  0.912357
 0.546067  0.912289
 0.546200  0.912221
 0.546333  0.912152
 0.546467  0.912084
 0.546600  0.912016
 0.546733  0.911947
 0.546867  0.911879
 0.547000  0.911810
 0.547133  0.911742
 0.547267  0.911674
 0.547400  0.911605
 0.547533  0.911537
 0.547667  0.911469
 0.547800  0.911400
 0.547933  0.911332
 0.548067  0.911263
 0.548200  0.911195
 0.548333  0.911127
 0.548467  0.911058
 0.548600  0.910990
 0.548733  0.910922
 0.548867  0.910853
 0.549000  0.910785
 0.549133  0.910716
 0.549267  0.910648
 0.549400  0.910580
 0.549533  0.910511
 0.549667  0.910443
 0.549800  0.910375
 0.549933  0.910306
 0.550067  0.910238
 0.550200  0.910169
 0.550333  0.910101
 0.550467  0.910033
 0.550600  0.909964
 0.550733  0.909896
 0.550867  0.909828
 0.551000  0.909759
 0.551133  0.909691
 0.551267  0.909622
 0.551400  0.909554
 0.551533  0.909486
 0.551667  0.909417
 0.551800  0.909349
 0.551933  0.909281
 0.552067  0.909212
 0.552200  0.909144
 0.552333  0.909075
 0.552467  0.909007
 0.552600  0.908939
 0.552733  0.908870
 0.552867  0.908802
 0.553000  0.908733
 0.553133  0.908665
 0.553267  0.908597
 0.553400  0.908528
 0.553533  0.908460
 0.553667  0.908392
 0.553800  0.908323
 0.553933  0.908255
 0.554067  0.908186
 0.554200  0.908118
 0.554333  0.908050
 0.554467  0.907981
 0.554600  0.907913
 0.554733  0.907845
 0.554867  0.907776
 0.555000  0.907708
 0.555133  0.907639
 0.555267  0.907571
 0.555400  0.907503
 0.555533  0.907434
 0.555667  0.907366
 0.555800  0.907298
 0.555933  0.907229
 0.556067  0.907161
 0.556200  0.907092
 0.556333  0.907024
 0.556467  0.906956
 0.556600  0.906887
 0.556733  0.906819
 0.556867  0.906751
 0.557000  0.906682
 0.557133  0.906614
 0.557267  0.906545
 0.557400  0.906477
 0.557533  0.906409
 0.557667  0.906340
 0.557800  0.906272
 0.557933  0.906204
 0.558067  0.906135
 0.558200  0.906067
 0.558333  0.905998
 0.558467  0.905930
 0.558600  0.905862
 0.558733  0.905793
 0.558867  0.905725
 0.559000  0.905657
 0.559133  0.905588
 0.559267  0.905520
 0.559400  0.905451
 0.559533  0.905383
 0.559667  0.905315
 0.559800  0.905246
 0.559933  0.905178
 0.560067  0.905109
 0.560200  0.905041
 0.560333  0.904973
 0.560467  0.904904
 0.560600  0.904836
 0.560733  0.904768
 0.560867  0.904699
 0.561000  0.904631
 0.561133  0.904562
 0.561267  0.904494
 0.561400  0.904426
 0.561533  0.904357
 0.561667  0.904289
 0.561800  0.904221
 0.561933  0.904152
 0.562067  0.904084
 0.562200  0.904015
 0.562333  0.903947
 0.562467  0.903879
 0.562600  0.903810
 0.562733  0.903742
 0.562867  0.903674
 0.563000  0.903605
 0.563133  0.903537
 0.563267  0.903468
 0.563400  0.903400
 0.563533  0.903332
 0.563667  0.903263
 0.563800  0.903195
 0.563933  0.903127
 0.564067  0.903058
 0.564200  0.902990
 0.564333  0.902921
 0.564467  0.902853
 0.564600  0.902785
 0.564733  0.902716
 0.564867  0.902648
 0.565000  0.902580
 0.565133  0.902511
 0.565267  0.902443
 0.565400  0.902374
 0.565533  0.902306
 0.565667  0.902238
 0.565800  0.902169
 0.565933  0.902101
 0.566067  0.902033
 0.566200  0.901964
 0.566333  0.901896
 0.566467  0.901827
 0.566600  0.901759
 0.566733  0.901691
 0.566867  0.901622
 0.567000  0.901554
 0.567133  0.901486
 0.567267  0.901417
 0.567400  0.901349
 0.567533  0.901280
 0.567667  0.901212
 0.567800  0.901144
 0.567933  0.901075
 0.568067  0.901007
 0.568200  0.900938
 0.568333  0.900870
 0.568467  0.900802
 0.568600  0.900733
 0.568733  0.900665
 0.568867  0.900597
 0.569000  0.900528
 0.569133  0.900460
 0.569267  0.900391
 0.569400  0.900323
 0.569533  0.900255
 0.569667  0.900186
 0.569800  0.900118
 0.569933  0.900050
 0.570067  0.899981
 0.570200  0.899913
 0.570333  0.899844
 0.570467  0.899776
 0.570600  0.899708
 0.570733  0.899639
 0.570867  0.899571
 0.571000  0.899503
 0.571133  0.899434
 0.571267  0.899366
 0.571400  0.899297
 0.571533  0.899229
 0.571667  0.899161
 0.571800  0.899092
 0.571933  0.899024
 0.572067  0.898956
 0.572200  0.898887
 0.572333  0.898819
 0.572467  0.898750
 0.572600  0.898682
 0.572733  0.898614
 0.572867  0.898545
 0.573000  0.898477
 0.573133  0.898409
 0.573267  0.898340
 0.573400  0.898272
 0.573533  0.898203
 0.573667  0.898135
 0.573800  0.898067
 0.573933  0.897998
 0.574067  0.897930
 0.574200  0.897861
 0.574333  0.897793
 0.574467  0.897725
 0.574600  0.897656
 0.574733  0.897588
 0.574867  0.897520
 0.575000  0.897451
 0.575133  0.897383
 0.575267  0.897314
 0.575400  0.897246
 0.575533  0.897178
 0.575667  0.897109
 0.575800  0.897041
 0.575933  0.896973
 0.576067  0.896904
 0.576200  0.896836
 0.576333  0.896767
 0.576467  0.896699
 0.576600  0.896631
 0.576733  0.896562
 0.576867  0.896494
 0.577000  0.896426
 0.577133  0.896357
 0.577267  0.896289
 0.577400  0.896220
 0.577533  0.896152
 0.577667  0.896084
 0.577800  0.896015
 0.577933  0.895947
 0.578067  0.895879
 0.578200  0.895810
 0.578333  0.895742
 0.578467  0.895673
 0.578600  0.895605
 0.578733  0.895537
 0.578867  0.895468
 0.579000  0.895400
 0.579133  0.895332
 0.579267  0.895263
 0.579400  0.895195
 0.579533  0.895126
 0.579667  0.895058
 0.579800  0.894990
 0.579933  0.894921
 0.580067  0.894853
 0.580200  0.894785
 0.580333  0.894716
 0.580467  0.894648
 0.580600  0.894579
 0.580733  0.894511
 0.580867  0.894443
 0.581000  0.894374
 0.581133  0.894306
 0.581267  0.894238
 0.581400  0.894169
 0.581533  0.894101
 0.581667  0.894032
 0.581800  0.893964
 0.581933  0.893896
 0.582067  0.893827
 0.582200  0.893759
 0.582333  0.893690
 0.582467  0.893622
 0.582600  0.893554
 0.582733  0.893485
 0.582867  0.893417
 0.583000  0.893349
 0.583133  0.893280
 0.583267  0.893212
 0.583400  0.893143
 0.583533  0.893075
 0.583667  0.893007
 0.583800  0.892938
 0.583933  0.892870
 0.584067  0.892802
 0.584200  0.892733
 0.584333  0.892665
 0.584467  0.892596
 0.584600  0.892528
 0.584733  0.892460
 0.584867  0.892391
 0.585000  0.892323
 0.585133  0.892255
 0.585267  0.892186
 0.585400  0.892118
 0.585533  0.892049
 0.585667  0.891981
 0.585800  0.891913
 0.585933  0.891844
 0.586067  0.891776
 0.586200  0.891708
 0.586333  0.891639
 0.586467  0.891571
 0.586600  0.891502
 0.586733  0.891434
 0.586867  0.891366
 0.587000  0.891297
 0.587133  0.891229
 0.587267  0.891161
 0.587400  0.891092
 0.587533  0.891024
 0.587667  0.890955
 0.587800  0.890887
 0.587933  0.890819
 0.588067  0.890750
 0.588200  0.890682
 0.588333  0.890614
 0.588467  0.890545
 0.588600  0.890477
 0.588733  0.890408
 0.588867  0.890340
 0.589000  0.890272
 0.589133  0.890203
 0.589267  0.890135
 0.589400  0.890066
 0.589533  0.889998
 0.589667  0.889930
 0.589800  0.889861
 0.589933  0.889793
 0.590067  0.889725
 0.590200  0.889656
 0.590333  0.889588
 0.590467  0.889519
 0.590600  0.889451
 0.590733  0.889383
 0.590867  0.889314
 0.591000  0.889246
 0.591133  0.889178
 0.591267  0.889109
 0.591400  0.889041
 0.591533  0.888972
 0.591667  0.888904
 0.591800  0.888836
 0.591933  0.888767
 0.592067  0.888699
 0.592200  0.888631
 0.592333  0.888562
 0.592467  0.888494
 0.592600  0.888425
 0.592733  0.888357
 0.592867  0.888289
 0.593000  0.888220
 0.593133  0.888152
 0.593267  0.888084
 0.593400  0.888015
 0.593533  0.887947
 0.593667  0.887878
 0.593800  0.887810
 0.593933  0.887742
 0.594067  0.887673
 0.594200  0.887605
 0.594333  0.887537
 0.594467  0.887468
 0.594600  0.887400
 0.594733  0.887331
 0.594867  0.887263
 0.595000  0.887195
 0.595133  0.887126
 0.595267  0.887058
 0.595400  0.886990
 0.595533  0.886921
 0.595667  0.886853
 0.595800  0.886784
 0.595933  0.886716
 0.596067  0.886648
 0.596200  0.886579
 0.596333  0.886511
 0.596467  0.886443
 0.596600  0.886374
 0.596733  0.886306
 0.596867  0.886237
 0.597000  0.886169
 0.597133  0.886101
 0.597267  0.886032
 0.597400  0.885964
 0.597533  0.885895
 0.597667  0.885827
 0.597800  0.885759
 0.597933  0.885690
 0.598067  0.885622
 0.598200  0.885554
 0.598333  0.885485
 0.598467  0.885417
 0.598600  0.885348
 0.598733  0.885280
 0.598867  0.885212
 0.599000  0.885143
 0.599133  0.885075
 0.599267  0.885007
 0.599400  0.884938
 0.599533  0.884870
 0.599667  0.884801
 0.599800  0.884733
