   5.9995000e+02   0.0000000e+00
   6.0005000e+02   0.0000000e+00
   6.0015000e+02   0.0000000e+00
   6.0025000e+02   0.0000000e+00
   6.0035000e+02   0.0000000e+00
   6.0045000e+02   0.0000000e+00
   6.0055000e+02   0.0000000e+00
   6.0065000e+02   0.0000000e+00
   6.0075000e+02   0.0000000e+00
   6.0085000e+02   0.0000000e+00
   6.0095000e+02   0.0000000e+00
   6.0105000e+02   0.0000000e+00
   6.0115000e+02   0.0000000e+00
   6.0125000e+02   0.0000000e+00
   6.0135000e+02   0.0000000e+00
   6.0145000e+02   0.0000000e+00
   6.0155000e+02   0.0000000e+00
   6.0165000e+02   0.0000000e+00
   6.0175000e+02   0.0000000e+00
   6.0185000e+02   0.0000000e+00
   6.0195000e+02   0.0000000e+00
   6.0205000e+02   0.0000000e+00
   6.0215000e+02   0.0000000e+00
   6.0225000e+02   0.0000000e+00
   6.0235000e+02   0.0000000e+00
   6.0245000e+02   0.0000000e+00
   6.0255000e+02   0.0000000e+00
   6.0265000e+02   0.0000000e+00
   6.0275000e+02   0.0000000e+00
   6.0285000e+02   0.0000000e+00
   6.0295000e+02   0.0000000e+00
   6.0305000e+02   0.0000000e+00
   6.0315000e+02   0.0000000e+00
   6.0325000e+02   0.0000000e+00
   6.0335000e+02   0.0000000e+00
   6.0345000e+02   0.0000000e+00
   6.0355000e+02   0.0000000e+00
   6.0365000e+02   0.0000000e+00
   6.0375000e+02   0.0000000e+00
   6.0385000e+02   0.0000000e+00
   6.0395000e+02   0.0000000e+00
   6.0405000e+02   0.0000000e+00
   6.0415000e+02   0.0000000e+00
   6.0425000e+02   0.0000000e+00
   6.0435000e+02   0.0000000e+00
   6.0445000e+02   0.0000000e+00
   6.0455000e+02   0.0000000e+00
   6.0465000e+02   0.0000000e+00
   6.0475000e+02   0.0000000e+00
   6.0485000e+02   0.0000000e+00
   6.0495000e+02   0.0000000e+00
   6.0505000e+02   0.0000000e+00
   6.0515000e+02   0.0000000e+00
   6.0525000e+02   0.0000000e+00
   6.0535000e+02   0.0000000e+00
   6.0545000e+02   0.0000000e+00
   6.0555000e+02   0.0000000e+00
   6.0565000e+02   0.0000000e+00
   6.0575000e+02   0.0000000e+00
   6.0585000e+02   0.0000000e+00
   6.0595000e+02   0.0000000e+00
   6.0605000e+02   0.0000000e+00
   6.0615000e+02   0.0000000e+00
   6.0625000e+02   0.0000000e+00
   6.0635000e+02   0.0000000e+00
   6.0645000e+02   0.0000000e+00
   6.0655000e+02   0.0000000e+00
   6.0665000e+02   0.0000000e+00
   6.0675000e+02   0.0000000e+00
   6.0685000e+02   0.0000000e+00
   6.0695000e+02   0.0000000e+00
   6.0705000e+02   0.0000000e+00
   6.0715000e+02   0.0000000e+00
   6.0725000e+02   0.0000000e+00
   6.0735000e+02   0.0000000e+00
   6.0745000e+02   0.0000000e+00
   6.0755000e+02   0.0000000e+00
   6.0765000e+02   0.0000000e+00
   6.0775000e+02   0.0000000e+00
   6.0785000e+02   0.0000000e+00
   6.0795000e+02   0.0000000e+00
   6.0805000e+02   0.0000000e+00
   6.0815000e+02   0.0000000e+00
   6.0825000e+02   0.0000000e+00
   6.0835000e+02   0.0000000e+00
   6.0845000e+02   0.0000000e+00
   6.0855000e+02   0.0000000e+00
   6.0865000e+02   0.0000000e+00
   6.0875000e+02   0.0000000e+00
   6.0885000e+02   0.0000000e+00
   6.0895000e+02   0.0000000e+00
   6.0905000e+02   0.0000000e+00
   6.0915000e+02   0.0000000e+00
   6.0925000e+02   0.0000000e+00
   6.0935000e+02   0.0000000e+00
   6.0945000e+02   0.0000000e+00
   6.0955000e+02   0.0000000e+00
   6.0965000e+02   0.0000000e+00
   6.0975000e+02   0.0000000e+00
   6.0985000e+02   0.0000000e+00
   6.0995000e+02   0.0000000e+00
   6.1005000e+02   0.0000000e+00
   6.1015000e+02   0.0000000e+00
   6.1025000e+02   0.0000000e+00
   6.1035000e+02   0.0000000e+00
   6.1045000e+02   0.0000000e+00
   6.1055000e+02   0.0000000e+00
   6.1065000e+02   0.0000000e+00
   6.1075000e+02   0.0000000e+00
   6.1085000e+02   0.0000000e+00
   6.1095000e+02   0.0000000e+00
   6.1105000e+02   0.0000000e+00
   6.1115000e+02   0.0000000e+00
   6.1125000e+02   0.0000000e+00
   6.1135000e+02   0.0000000e+00
   6.1145000e+02   0.0000000e+00
   6.1155000e+02   0.0000000e+00
   6.1165000e+02   0.0000000e+00
   6.1175000e+02   0.0000000e+00
   6.1185000e+02   0.0000000e+00
   6.1195000e+02   0.0000000e+00
   6.1205000e+02   0.0000000e+00
   6.1215000e+02   0.0000000e+00
   6.1225000e+02   0.0000000e+00
   6.1235000e+02   0.0000000e+00
   6.1245000e+02   0.0000000e+00
   6.1255000e+02   0.0000000e+00
   6.1265000e+02   0.0000000e+00
   6.1275000e+02   0.0000000e+00
   6.1285000e+02   0.0000000e+00
   6.1295000e+02   0.0000000e+00
   6.1305000e+02   0.0000000e+00
   6.1315000e+02   0.0000000e+00
   6.1325000e+02   0.0000000e+00
   6.1335000e+02   0.0000000e+00
   6.1345000e+02   0.0000000e+00
   6.1355000e+02   0.0000000e+00
   6.1365000e+02   0.0000000e+00
   6.1375000e+02   0.0000000e+00
   6.1385000e+02   0.0000000e+00
   6.1395000e+02   0.0000000e+00
   6.1405000e+02   0.0000000e+00
   6.1415000e+02   0.0000000e+00
   6.1425000e+02   0.0000000e+00
   6.1435000e+02   0.0000000e+00
   6.1445000e+02   0.0000000e+00
   6.1455000e+02   0.0000000e+00
   6.1465000e+02   0.0000000e+00
   6.1475000e+02   0.0000000e+00
   6.1485000e+02   0.0000000e+00
   6.1495000e+02   0.0000000e+00
   6.1505000e+02   0.0000000e+00
   6.1515000e+02   0.0000000e+00
   6.1525000e+02   0.0000000e+00
   6.1535000e+02   0.0000000e+00
   6.1545000e+02   0.0000000e+00
   6.1555000e+02   0.0000000e+00
   6.1565000e+02   0.0000000e+00
   6.1575000e+02   0.0000000e+00
   6.1585000e+02   0.0000000e+00
   6.1595000e+02   0.0000000e+00
   6.1605000e+02   0.0000000e+00
   6.1615000e+02   0.0000000e+00
   6.1625000e+02   0.0000000e+00
   6.1635000e+02   0.0000000e+00
   6.1645000e+02   0.0000000e+00
   6.1655000e+02   0.0000000e+00
   6.1665000e+02   0.0000000e+00
   6.1675000e+02   0.0000000e+00
   6.1685000e+02   0.0000000e+00
   6.1695000e+02   0.0000000e+00
   6.1705000e+02   0.0000000e+00
   6.1715000e+02   0.0000000e+00
   6.1725000e+02   0.0000000e+00
   6.1735000e+02   0.0000000e+00
   6.1745000e+02   0.0000000e+00
   6.1755000e+02   0.0000000e+00
   6.1765000e+02   0.0000000e+00
   6.1775000e+02   0.0000000e+00
   6.1785000e+02   0.0000000e+00
   6.1795000e+02   0.0000000e+00
   6.1805000e+02   0.0000000e+00
   6.1815000e+02   0.0000000e+00
   6.1825000e+02   0.0000000e+00
   6.1835000e+02   0.0000000e+00
   6.1845000e+02   0.0000000e+00
   6.1855000e+02   0.0000000e+00
   6.1865000e+02   0.0000000e+00
   6.1875000e+02   0.0000000e+00
   6.1885000e+02   0.0000000e+00
   6.1895000e+02   0.0000000e+00
   6.1905000e+02   0.0000000e+00
   6.1915000e+02   0.0000000e+00
   6.1925000e+02   0.0000000e+00
   6.1935000e+02   0.0000000e+00
   6.1945000e+02   0.0000000e+00
   6.1955000e+02   0.0000000e+00
   6.1965000e+02   0.0000000e+00
   6.1975000e+02   0.0000000e+00
   6.1985000e+02   0.0000000e+00
   6.1995000e+02   0.0000000e+00
   6.2005000e+02   0.0000000e+00
   6.2015000e+02   0.0000000e+00
   6.2025000e+02   0.0000000e+00
   6.2035000e+02   0.0000000e+00
   6.2045000e+02   0.0000000e+00
   6.2055000e+02   0.0000000e+00
   6.2065000e+02   0.0000000e+00
   6.2075000e+02   0.0000000e+00
   6.2085000e+02   0.0000000e+00
   6.2095000e+02   0.0000000e+00
   6.2105000e+02   0.0000000e+00
   6.2115000e+02   0.0000000e+00
   6.2125000e+02   0.0000000e+00
   6.2135000e+02   0.0000000e+00
   6.2145000e+02   0.0000000e+00
   6.2155000e+02   0.0000000e+00
   6.2165000e+02   0.0000000e+00
   6.2175000e+02   0.0000000e+00
   6.2185000e+02   0.0000000e+00
   6.2195000e+02   0.0000000e+00
   6.2205000e+02   0.0000000e+00
   6.2215000e+02   0.0000000e+00
   6.2225000e+02   0.0000000e+00
   6.2235000e+02   0.0000000e+00
   6.2245000e+02   0.0000000e+00
   6.2255000e+02   0.0000000e+00
   6.2265000e+02   0.0000000e+00
   6.2275000e+02   0.0000000e+00
   6.2285000e+02   0.0000000e+00
   6.2295000e+02   0.0000000e+00
   6.2305000e+02   0.0000000e+00
   6.2315000e+02   0.0000000e+00
   6.2325000e+02   0.0000000e+00
   6.2335000e+02   0.0000000e+00
   6.2345000e+02   0.0000000e+00
   6.2355000e+02   0.0000000e+00
   6.2365000e+02   0.0000000e+00
   6.2375000e+02   0.0000000e+00
   6.2385000e+02   0.0000000e+00
   6.2395000e+02   0.0000000e+00
   6.2405000e+02   0.0000000e+00
   6.2415000e+02   0.0000000e+00
   6.2425000e+02   0.0000000e+00
   6.2435000e+02   0.0000000e+00
   6.2445000e+02   0.0000000e+00
   6.2455000e+02   0.0000000e+00
   6.2465000e+02   0.0000000e+00
   6.2475000e+02   0.0000000e+00
   6.2485000e+02   0.0000000e+00
   6.2495000e+02   0.0000000e+00
   6.2505000e+02   0.0000000e+00
   6.2515000e+02   0.0000000e+00
   6.2525000e+02   0.0000000e+00
   6.2535000e+02   0.0000000e+00
   6.2545000e+02   0.0000000e+00
   6.2555000e+02   0.0000000e+00
   6.2565000e+02   0.0000000e+00
   6.2575000e+02   0.0000000e+00
   6.2585000e+02   0.0000000e+00
   6.2595000e+02   0.0000000e+00
   6.2605000e+02   0.0000000e+00
   6.2615000e+02   0.0000000e+00
   6.2625000e+02   0.0000000e+00
   6.2635000e+02   0.0000000e+00
   6.2645000e+02   0.0000000e+00
   6.2655000e+02   0.0000000e+00
   6.2665000e+02   0.0000000e+00
   6.2675000e+02   0.0000000e+00
   6.2685000e+02   0.0000000e+00
   6.2695000e+02   0.0000000e+00
   6.2705000e+02   0.0000000e+00
   6.2715000e+02   0.0000000e+00
   6.2725000e+02   0.0000000e+00
   6.2735000e+02   0.0000000e+00
   6.2745000e+02   0.0000000e+00
   6.2755000e+02   0.0000000e+00
   6.2765000e+02   0.0000000e+00
   6.2775000e+02   0.0000000e+00
   6.2785000e+02   0.0000000e+00
   6.2795000e+02   0.0000000e+00
   6.2805000e+02   0.0000000e+00
   6.2815000e+02   0.0000000e+00
   6.2825000e+02   0.0000000e+00
   6.2835000e+02   0.0000000e+00
   6.2845000e+02   0.0000000e+00
   6.2855000e+02   0.0000000e+00
   6.2865000e+02   0.0000000e+00
   6.2875000e+02   0.0000000e+00
   6.2885000e+02   0.0000000e+00
   6.2895000e+02   0.0000000e+00
   6.2905000e+02   0.0000000e+00
   6.2915000e+02   0.0000000e+00
   6.2925000e+02   0.0000000e+00
   6.2935000e+02   0.0000000e+00
   6.2945000e+02   0.0000000e+00
   6.2955000e+02   0.0000000e+00
   6.2965000e+02   0.0000000e+00
   6.2975000e+02   0.0000000e+00
   6.2985000e+02   0.0000000e+00
   6.2995000e+02   0.0000000e+00
   6.3005000e+02   0.0000000e+00
   6.3015000e+02   0.0000000e+00
   6.3025000e+02   0.0000000e+00
   6.3035000e+02   0.0000000e+00
   6.3045000e+02   0.0000000e+00
   6.3055000e+02   0.0000000e+00
   6.3065000e+02   0.0000000e+00
   6.3075000e+02   0.0000000e+00
   6.3085000e+02   0.0000000e+00
   6.3095000e+02   0.0000000e+00
   6.3105000e+02   0.0000000e+00
   6.3115000e+02   0.0000000e+00
   6.3125000e+02   0.0000000e+00
   6.3135000e+02   0.0000000e+00
   6.3145000e+02   0.0000000e+00
   6.3155000e+02   0.0000000e+00
   6.3165000e+02   0.0000000e+00
   6.3175000e+02   0.0000000e+00
   6.3185000e+02   0.0000000e+00
   6.3195000e+02   0.0000000e+00
   6.3205000e+02   0.0000000e+00
   6.3215000e+02   0.0000000e+00
   6.3225000e+02   0.0000000e+00
   6.3235000e+02   0.0000000e+00
   6.3245000e+02   0.0000000e+00
   6.3255000e+02   0.0000000e+00
   6.3265000e+02   0.0000000e+00
   6.3275000e+02   0.0000000e+00
   6.3285000e+02   0.0000000e+00
   6.3295000e+02   0.0000000e+00
   6.3305000e+02   0.0000000e+00
   6.3315000e+02   0.0000000e+00
   6.3325000e+02   0.0000000e+00
   6.3335000e+02   0.0000000e+00
   6.3345000e+02   0.0000000e+00
   6.3355000e+02   0.0000000e+00
   6.3365000e+02   0.0000000e+00
   6.3375000e+02   0.0000000e+00
   6.3385000e+02   0.0000000e+00
   6.3395000e+02   0.0000000e+00
   6.3405000e+02   0.0000000e+00
   6.3415000e+02   0.0000000e+00
   6.3425000e+02   0.0000000e+00
   6.3435000e+02   0.0000000e+00
   6.3445000e+02   0.0000000e+00
   6.3455000e+02   0.0000000e+00
   6.3465000e+02   0.0000000e+00
   6.3475000e+02   0.0000000e+00
   6.3485000e+02   0.0000000e+00
   6.3495000e+02   0.0000000e+00
   6.3505000e+02   0.0000000e+00
   6.3515000e+02   0.0000000e+00
   6.3525000e+02   0.0000000e+00
   6.3535000e+02   0.0000000e+00
   6.3545000e+02   0.0000000e+00
   6.3555000e+02   0.0000000e+00
   6.3565000e+02   0.0000000e+00
   6.3575000e+02   0.0000000e+00
   6.3585000e+02   0.0000000e+00
   6.3595000e+02   0.0000000e+00
   6.3605000e+02   0.0000000e+00
   6.3615000e+02   0.0000000e+00
   6.3625000e+02   0.0000000e+00
   6.3635000e+02   0.0000000e+00
   6.3645000e+02   0.0000000e+00
   6.3655000e+02   0.0000000e+00
   6.3665000e+02   0.0000000e+00
   6.3675000e+02   0.0000000e+00
   6.3685000e+02   0.0000000e+00
   6.3695000e+02   0.0000000e+00
   6.3705000e+02   0.0000000e+00
   6.3715000e+02   0.0000000e+00
   6.3725000e+02   0.0000000e+00
   6.3735000e+02   0.0000000e+00
   6.3745000e+02   0.0000000e+00
   6.3755000e+02   0.0000000e+00
   6.3765000e+02   0.0000000e+00
   6.3775000e+02   0.0000000e+00
   6.3785000e+02   0.0000000e+00
   6.3795000e+02   0.0000000e+00
   6.3805000e+02   0.0000000e+00
   6.3815000e+02   0.0000000e+00
   6.3825000e+02   0.0000000e+00
   6.3835000e+02   0.0000000e+00
   6.3845000e+02   0.0000000e+00
   6.3855000e+02   0.0000000e+00
   6.3865000e+02   0.0000000e+00
   6.3875000e+02   0.0000000e+00
   6.3885000e+02   0.0000000e+00
   6.3895000e+02   0.0000000e+00
   6.3905000e+02   0.0000000e+00
   6.3915000e+02   0.0000000e+00
   6.3925000e+02   0.0000000e+00
   6.3935000e+02   0.0000000e+00
   6.3945000e+02   0.0000000e+00
   6.3955000e+02   0.0000000e+00
   6.3965000e+02   0.0000000e+00
   6.3975000e+02   0.0000000e+00
   6.3985000e+02   0.0000000e+00
   6.3995000e+02   0.0000000e+00
   6.4005000e+02   0.0000000e+00
   6.4015000e+02   0.0000000e+00
   6.4025000e+02   0.0000000e+00
   6.4035000e+02   0.0000000e+00
   6.4045000e+02   0.0000000e+00
   6.4055000e+02   0.0000000e+00
   6.4065000e+02   0.0000000e+00
   6.4075000e+02   0.0000000e+00
   6.4085000e+02   0.0000000e+00
   6.4095000e+02   0.0000000e+00
   6.4105000e+02   0.0000000e+00
   6.4115000e+02   0.0000000e+00
   6.4125000e+02   0.0000000e+00
   6.4135000e+02   0.0000000e+00
   6.4145000e+02   0.0000000e+00
   6.4155000e+02   0.0000000e+00
   6.4165000e+02   0.0000000e+00
   6.4175000e+02   0.0000000e+00
   6.4185000e+02   0.0000000e+00
   6.4195000e+02   0.0000000e+00
   6.4205000e+02   0.0000000e+00
   6.4215000e+02   0.0000000e+00
   6.4225000e+02   0.0000000e+00
   6.4235000e+02   0.0000000e+00
   6.4245000e+02   0.0000000e+00
   6.4255000e+02   0.0000000e+00
   6.4265000e+02   0.0000000e+00
   6.4275000e+02   0.0000000e+00
   6.4285000e+02   0.0000000e+00
   6.4295000e+02   0.0000000e+00
   6.4305000e+02   0.0000000e+00
   6.4315000e+02   0.0000000e+00
   6.4325000e+02   0.0000000e+00
   6.4335000e+02   0.0000000e+00
   6.4345000e+02   0.0000000e+00
   6.4355000e+02   0.0000000e+00
   6.4365000e+02   0.0000000e+00
   6.4375000e+02   0.0000000e+00
   6.4385000e+02   0.0000000e+00
   6.4395000e+02   0.0000000e+00
   6.4405000e+02   0.0000000e+00
   6.4415000e+02   0.0000000e+00
   6.4425000e+02   0.0000000e+00
   6.4435000e+02   0.0000000e+00
   6.4445000e+02   0.0000000e+00
   6.4455000e+02   0.0000000e+00
   6.4465000e+02   0.0000000e+00
   6.4475000e+02   0.0000000e+00
   6.4485000e+02   0.0000000e+00
   6.4495000e+02   0.0000000e+00
   6.4505000e+02   0.0000000e+00
   6.4515000e+02   0.0000000e+00
   6.4525000e+02   0.0000000e+00
   6.4535000e+02   0.0000000e+00
   6.4545000e+02   0.0000000e+00
   6.4555000e+02   0.0000000e+00
   6.4565000e+02   0.0000000e+00
   6.4575000e+02   0.0000000e+00
   6.4585000e+02   0.0000000e+00
   6.4595000e+02   0.0000000e+00
   6.4605000e+02   0.0000000e+00
   6.4615000e+02   0.0000000e+00
   6.4625000e+02   0.0000000e+00
   6.4635000e+02   0.0000000e+00
   6.4645000e+02   0.0000000e+00
   6.4655000e+02   0.0000000e+00
   6.4665000e+02   0.0000000e+00
   6.4675000e+02   0.0000000e+00
   6.4685000e+02   0.0000000e+00
   6.4695000e+02   0.0000000e+00
   6.4705000e+02   0.0000000e+00
   6.4715000e+02   0.0000000e+00
   6.4725000e+02   0.0000000e+00
   6.4735000e+02   0.0000000e+00
   6.4745000e+02   0.0000000e+00
   6.4755000e+02   0.0000000e+00
   6.4765000e+02   0.0000000e+00
   6.4775000e+02   0.0000000e+00
   6.4785000e+02   0.0000000e+00
   6.4795000e+02   0.0000000e+00
   6.4805000e+02   0.0000000e+00
   6.4815000e+02   0.0000000e+00
   6.4825000e+02   0.0000000e+00
   6.4835000e+02   0.0000000e+00
   6.4845000e+02   0.0000000e+00
   6.4855000e+02   0.0000000e+00
   6.4865000e+02   0.0000000e+00
   6.4875000e+02   0.0000000e+00
   6.4885000e+02   0.0000000e+00
   6.4895000e+02   0.0000000e+00
   6.4905000e+02   0.0000000e+00
   6.4915000e+02   0.0000000e+00
   6.4925000e+02   0.0000000e+00
   6.4935000e+02   0.0000000e+00
   6.4945000e+02   0.0000000e+00
   6.4955000e+02   0.0000000e+00
   6.4965000e+02   0.0000000e+00
   6.4975000e+02   0.0000000e+00
   6.4985000e+02   0.0000000e+00
   6.4995000e+02   0.0000000e+00
   6.5005000e+02   0.0000000e+00
   6.5015000e+02   0.0000000e+00
   6.5025000e+02   0.0000000e+00
   6.5035000e+02   0.0000000e+00
   6.5045000e+02   0.0000000e+00
   6.5055000e+02   0.0000000e+00
   6.5065000e+02   0.0000000e+00
   6.5075000e+02   0.0000000e+00
   6.5085000e+02   0.0000000e+00
   6.5095000e+02   0.0000000e+00
   6.5105000e+02   0.0000000e+00
   6.5115000e+02   0.0000000e+00
   6.5125000e+02   0.0000000e+00
   6.5135000e+02   0.0000000e+00
   6.5145000e+02   0.0000000e+00
   6.5155000e+02   0.0000000e+00
   6.5165000e+02   0.0000000e+00
   6.5175000e+02   0.0000000e+00
   6.5185000e+02   0.0000000e+00
   6.5195000e+02   0.0000000e+00
   6.5205000e+02   0.0000000e+00
   6.5215000e+02   0.0000000e+00
   6.5225000e+02   0.0000000e+00
   6.5235000e+02   0.0000000e+00
   6.5245000e+02   0.0000000e+00
   6.5255000e+02   0.0000000e+00
   6.5265000e+02   0.0000000e+00
   6.5275000e+02   0.0000000e+00
   6.5285000e+02   0.0000000e+00
   6.5295000e+02   0.0000000e+00
   6.5305000e+02   0.0000000e+00
   6.5315000e+02   0.0000000e+00
   6.5325000e+02   0.0000000e+00
   6.5335000e+02   0.0000000e+00
   6.5345000e+02   0.0000000e+00
   6.5355000e+02   0.0000000e+00
   6.5365000e+02   0.0000000e+00
   6.5375000e+02   0.0000000e+00
   6.5385000e+02   0.0000000e+00
   6.5395000e+02   0.0000000e+00
   6.5405000e+02   0.0000000e+00
   6.5415000e+02   0.0000000e+00
   6.5425000e+02   0.0000000e+00
   6.5435000e+02   0.0000000e+00
   6.5445000e+02   0.0000000e+00
   6.5455000e+02   0.0000000e+00
   6.5465000e+02   0.0000000e+00
   6.5475000e+02   0.0000000e+00
   6.5485000e+02   0.0000000e+00
   6.5495000e+02   0.0000000e+00
   6.5505000e+02   0.0000000e+00
   6.5515000e+02   0.0000000e+00
   6.5525000e+02   0.0000000e+00
   6.5535000e+02   0.0000000e+00
   6.5545000e+02   0.0000000e+00
   6.5555000e+02   0.0000000e+00
   6.5565000e+02   0.0000000e+00
   6.5575000e+02   0.0000000e+00
   6.5585000e+02   0.0000000e+00
   6.5595000e+02   0.0000000e+00
   6.5605000e+02   0.0000000e+00
   6.5615000e+02   0.0000000e+00
   6.5625000e+02   0.0000000e+00
   6.5635000e+02   0.0000000e+00
   6.5645000e+02   0.0000000e+00
   6.5655000e+02   0.0000000e+00
   6.5665000e+02   0.0000000e+00
   6.5675000e+02   0.0000000e+00
   6.5685000e+02   0.0000000e+00
   6.5695000e+02   0.0000000e+00
   6.5705000e+02   0.0000000e+00
   6.5715000e+02   0.0000000e+00
   6.5725000e+02   0.0000000e+00
   6.5735000e+02   0.0000000e+00
   6.5745000e+02   0.0000000e+00
   6.5755000e+02   0.0000000e+00
   6.5765000e+02   0.0000000e+00
   6.5775000e+02   0.0000000e+00
   6.5785000e+02   0.0000000e+00
   6.5795000e+02   0.0000000e+00
   6.5805000e+02   0.0000000e+00
   6.5815000e+02   0.0000000e+00
   6.5825000e+02   0.0000000e+00
   6.5835000e+02   0.0000000e+00
   6.5845000e+02   0.0000000e+00
   6.5855000e+02   0.0000000e+00
   6.5865000e+02   0.0000000e+00
   6.5875000e+02   0.0000000e+00
   6.5885000e+02   0.0000000e+00
   6.5895000e+02   0.0000000e+00
   6.5905000e+02   0.0000000e+00
   6.5915000e+02   0.0000000e+00
   6.5925000e+02   0.0000000e+00
   6.5935000e+02   0.0000000e+00
   6.5945000e+02   0.0000000e+00
   6.5955000e+02   0.0000000e+00
   6.5965000e+02   0.0000000e+00
   6.5975000e+02   0.0000000e+00
   6.5985000e+02   0.0000000e+00
   6.5995000e+02   0.0000000e+00
   6.6005000e+02   0.0000000e+00
   6.6015000e+02   0.0000000e+00
   6.6025000e+02   0.0000000e+00
   6.6035000e+02   0.0000000e+00
   6.6045000e+02   0.0000000e+00
   6.6055000e+02   0.0000000e+00
   6.6065000e+02   0.0000000e+00
   6.6075000e+02   0.0000000e+00
   6.6085000e+02   0.0000000e+00
   6.6095000e+02   0.0000000e+00
   6.6105000e+02   0.0000000e+00
   6.6115000e+02   0.0000000e+00
   6.6125000e+02   0.0000000e+00
   6.6135000e+02   0.0000000e+00
   6.6145000e+02   0.0000000e+00
   6.6155000e+02   0.0000000e+00
   6.6165000e+02   0.0000000e+00
   6.6175000e+02   0.0000000e+00
   6.6185000e+02   0.0000000e+00
   6.6195000e+02   0.0000000e+00
   6.6205000e+02   0.0000000e+00
   6.6215000e+02   0.0000000e+00
   6.6225000e+02   0.0000000e+00
   6.6235000e+02   0.0000000e+00
   6.6245000e+02   0.0000000e+00
   6.6255000e+02   0.0000000e+00
   6.6265000e+02   0.0000000e+00
   6.6275000e+02   0.0000000e+00
   6.6285000e+02   0.0000000e+00
   6.6295000e+02   0.0000000e+00
   6.6305000e+02   0.0000000e+00
   6.6315000e+02   0.0000000e+00
   6.6325000e+02   0.0000000e+00
   6.6335000e+02   0.0000000e+00
   6.6345000e+02   0.0000000e+00
   6.6355000e+02   0.0000000e+00
   6.6365000e+02   0.0000000e+00
   6.6375000e+02   0.0000000e+00
   6.6385000e+02   0.0000000e+00
   6.6395000e+02   0.0000000e+00
   6.6405000e+02   0.0000000e+00
   6.6415000e+02   0.0000000e+00
   6.6425000e+02   0.0000000e+00
   6.6435000e+02   0.0000000e+00
   6.6445000e+02   0.0000000e+00
   6.6455000e+02   0.0000000e+00
   6.6465000e+02   0.0000000e+00
   6.6475000e+02   0.0000000e+00
   6.6485000e+02   0.0000000e+00
   6.6495000e+02   0.0000000e+00
   6.6505000e+02   0.0000000e+00
   6.6515000e+02   0.0000000e+00
   6.6525000e+02   0.0000000e+00
   6.6535000e+02   0.0000000e+00
   6.6545000e+02   0.0000000e+00
   6.6555000e+02   0.0000000e+00
   6.6565000e+02   0.0000000e+00
   6.6575000e+02   0.0000000e+00
   6.6585000e+02   0.0000000e+00
   6.6595000e+02   0.0000000e+00
   6.6605000e+02   0.0000000e+00
   6.6615000e+02   0.0000000e+00
   6.6625000e+02   0.0000000e+00
   6.6635000e+02   0.0000000e+00
   6.6645000e+02   0.0000000e+00
   6.6655000e+02   0.0000000e+00
   6.6665000e+02   0.0000000e+00
   6.6675000e+02   0.0000000e+00
   6.6685000e+02   0.0000000e+00
   6.6695000e+02   0.0000000e+00
   6.6705000e+02   0.0000000e+00
   6.6715000e+02   0.0000000e+00
   6.6725000e+02   0.0000000e+00
   6.6735000e+02   0.0000000e+00
   6.6745000e+02   0.0000000e+00
   6.6755000e+02   0.0000000e+00
   6.6765000e+02   0.0000000e+00
   6.6775000e+02   0.0000000e+00
   6.6785000e+02   0.0000000e+00
   6.6795000e+02   0.0000000e+00
   6.6805000e+02   0.0000000e+00
   6.6815000e+02   0.0000000e+00
   6.6825000e+02   0.0000000e+00
   6.6835000e+02   0.0000000e+00
   6.6845000e+02   0.0000000e+00
   6.6855000e+02   0.0000000e+00
   6.6865000e+02   0.0000000e+00
   6.6875000e+02   0.0000000e+00
   6.6885000e+02   0.0000000e+00
   6.6895000e+02   0.0000000e+00
   6.6905000e+02   0.0000000e+00
   6.6915000e+02   0.0000000e+00
   6.6925000e+02   0.0000000e+00
   6.6935000e+02   0.0000000e+00
   6.6945000e+02   0.0000000e+00
   6.6955000e+02   0.0000000e+00
   6.6965000e+02   0.0000000e+00
   6.6975000e+02   0.0000000e+00
   6.6985000e+02   0.0000000e+00
   6.6995000e+02   0.0000000e+00
   6.7005000e+02   0.0000000e+00
   6.7015000e+02   0.0000000e+00
   6.7025000e+02   0.0000000e+00
   6.7035000e+02   0.0000000e+00
   6.7045000e+02   0.0000000e+00
   6.7055000e+02   0.0000000e+00
   6.7065000e+02   0.0000000e+00
   6.7075000e+02   0.0000000e+00
   6.7085000e+02   0.0000000e+00
   6.7095000e+02   0.0000000e+00
   6.7105000e+02   0.0000000e+00
   6.7115000e+02   0.0000000e+00
   6.7125000e+02   0.0000000e+00
   6.7135000e+02   0.0000000e+00
   6.7145000e+02   0.0000000e+00
   6.7155000e+02   0.0000000e+00
   6.7165000e+02   0.0000000e+00
   6.7175000e+02   0.0000000e+00
   6.7185000e+02   0.0000000e+00
   6.7195000e+02   0.0000000e+00
   6.7205000e+02   0.0000000e+00
   6.7215000e+02   0.0000000e+00
   6.7225000e+02   0.0000000e+00
   6.7235000e+02   0.0000000e+00
   6.7245000e+02   0.0000000e+00
   6.7255000e+02   0.0000000e+00
   6.7265000e+02   0.0000000e+00
   6.7275000e+02   0.0000000e+00
   6.7285000e+02   0.0000000e+00
   6.7295000e+02   0.0000000e+00
   6.7305000e+02   0.0000000e+00
   6.7315000e+02   0.0000000e+00
   6.7325000e+02   0.0000000e+00
   6.7335000e+02   0.0000000e+00
   6.7345000e+02   0.0000000e+00
   6.7355000e+02   0.0000000e+00
   6.7365000e+02   0.0000000e+00
   6.7375000e+02   0.0000000e+00
   6.7385000e+02   0.0000000e+00
   6.7395000e+02   0.0000000e+00
   6.7405000e+02   0.0000000e+00
   6.7415000e+02   0.0000000e+00
   6.7425000e+02   0.0000000e+00
   6.7435000e+02   0.0000000e+00
   6.7445000e+02   0.0000000e+00
   6.7455000e+02   0.0000000e+00
   6.7465000e+02   0.0000000e+00
   6.7475000e+02   0.0000000e+00
   6.7485000e+02   0.0000000e+00
   6.7495000e+02   0.0000000e+00
   6.7505000e+02   0.0000000e+00
   6.7515000e+02   0.0000000e+00
   6.7525000e+02   0.0000000e+00
   6.7535000e+02   0.0000000e+00
   6.7545000e+02   0.0000000e+00
   6.7555000e+02   0.0000000e+00
   6.7565000e+02   0.0000000e+00
   6.7575000e+02   0.0000000e+00
   6.7585000e+02   0.0000000e+00
   6.7595000e+02   0.0000000e+00
   6.7605000e+02   0.0000000e+00
   6.7615000e+02   0.0000000e+00
   6.7625000e+02   0.0000000e+00
   6.7635000e+02   0.0000000e+00
   6.7645000e+02   0.0000000e+00
   6.7655000e+02   0.0000000e+00
   6.7665000e+02   0.0000000e+00
   6.7675000e+02   0.0000000e+00
   6.7685000e+02   0.0000000e+00
   6.7695000e+02   0.0000000e+00
   6.7705000e+02   0.0000000e+00
   6.7715000e+02   0.0000000e+00
   6.7725000e+02   0.0000000e+00
   6.7735000e+02   0.0000000e+00
   6.7745000e+02   0.0000000e+00
   6.7755000e+02   0.0000000e+00
   6.7765000e+02   0.0000000e+00
   6.7775000e+02   0.0000000e+00
   6.7785000e+02   0.0000000e+00
   6.7795000e+02   0.0000000e+00
   6.7805000e+02   0.0000000e+00
   6.7815000e+02   0.0000000e+00
   6.7825000e+02   0.0000000e+00
   6.7835000e+02   0.0000000e+00
   6.7845000e+02   0.0000000e+00
   6.7855000e+02   0.0000000e+00
   6.7865000e+02   0.0000000e+00
   6.7875000e+02   0.0000000e+00
   6.7885000e+02   0.0000000e+00
   6.7895000e+02   0.0000000e+00
   6.7905000e+02   0.0000000e+00
   6.7915000e+02   0.0000000e+00
   6.7925000e+02   0.0000000e+00
   6.7935000e+02   0.0000000e+00
   6.7945000e+02   0.0000000e+00
   6.7955000e+02   0.0000000e+00
   6.7965000e+02   0.0000000e+00
   6.7975000e+02   0.0000000e+00
   6.7985000e+02   0.0000000e+00
   6.7995000e+02   0.0000000e+00
   6.8005000e+02   0.0000000e+00
   6.8015000e+02   0.0000000e+00
   6.8025000e+02   0.0000000e+00
   6.8035000e+02   0.0000000e+00
   6.8045000e+02   0.0000000e+00
   6.8055000e+02   0.0000000e+00
   6.8065000e+02   0.0000000e+00
   6.8075000e+02   0.0000000e+00
   6.8085000e+02   0.0000000e+00
   6.8095000e+02   0.0000000e+00
   6.8105000e+02   0.0000000e+00
   6.8115000e+02   0.0000000e+00
   6.8125000e+02   0.0000000e+00
   6.8135000e+02   0.0000000e+00
   6.8145000e+02   0.0000000e+00
   6.8155000e+02   0.0000000e+00
   6.8165000e+02   0.0000000e+00
   6.8175000e+02   0.0000000e+00
   6.8185000e+02   0.0000000e+00
   6.8195000e+02   0.0000000e+00
   6.8205000e+02   0.0000000e+00
   6.8215000e+02   0.0000000e+00
   6.8225000e+02   0.0000000e+00
   6.8235000e+02   0.0000000e+00
   6.8245000e+02   0.0000000e+00
   6.8255000e+02   0.0000000e+00
   6.8265000e+02   0.0000000e+00
   6.8275000e+02   0.0000000e+00
   6.8285000e+02   0.0000000e+00
   6.8295000e+02   0.0000000e+00
   6.8305000e+02   0.0000000e+00
   6.8315000e+02   0.0000000e+00
   6.8325000e+02   0.0000000e+00
   6.8335000e+02   0.0000000e+00
   6.8345000e+02   0.0000000e+00
   6.8355000e+02   0.0000000e+00
   6.8365000e+02   0.0000000e+00
   6.8375000e+02   0.0000000e+00
   6.8385000e+02   0.0000000e+00
   6.8395000e+02   0.0000000e+00
   6.8405000e+02   0.0000000e+00
   6.8415000e+02   0.0000000e+00
   6.8425000e+02   0.0000000e+00
   6.8435000e+02   0.0000000e+00
   6.8445000e+02   0.0000000e+00
   6.8455000e+02   0.0000000e+00
   6.8465000e+02   0.0000000e+00
   6.8475000e+02   0.0000000e+00
   6.8485000e+02   0.0000000e+00
   6.8495000e+02   0.0000000e+00
   6.8505000e+02   0.0000000e+00
   6.8515000e+02   0.0000000e+00
   6.8525000e+02   0.0000000e+00
   6.8535000e+02   0.0000000e+00
   6.8545000e+02   0.0000000e+00
   6.8555000e+02   0.0000000e+00
   6.8565000e+02   0.0000000e+00
   6.8575000e+02   0.0000000e+00
   6.8585000e+02   0.0000000e+00
   6.8595000e+02   0.0000000e+00
   6.8605000e+02   0.0000000e+00
   6.8615000e+02   0.0000000e+00
   6.8625000e+02   0.0000000e+00
   6.8635000e+02   0.0000000e+00
   6.8645000e+02   0.0000000e+00
   6.8655000e+02   0.0000000e+00
   6.8665000e+02   0.0000000e+00
   6.8675000e+02   0.0000000e+00
   6.8685000e+02   0.0000000e+00
   6.8695000e+02   0.0000000e+00
   6.8705000e+02   0.0000000e+00
   6.8715000e+02   0.0000000e+00
   6.8725000e+02   0.0000000e+00
   6.8735000e+02   0.0000000e+00
   6.8745000e+02   0.0000000e+00
   6.8755000e+02   0.0000000e+00
   6.8765000e+02   0.0000000e+00
   6.8775000e+02   0.0000000e+00
   6.8785000e+02   0.0000000e+00
   6.8795000e+02   0.0000000e+00
   6.8805000e+02   0.0000000e+00
   6.8815000e+02   0.0000000e+00
   6.8825000e+02   0.0000000e+00
   6.8835000e+02   0.0000000e+00
   6.8845000e+02   0.0000000e+00
   6.8855000e+02   0.0000000e+00
   6.8865000e+02   0.0000000e+00
   6.8875000e+02   0.0000000e+00
   6.8885000e+02   0.0000000e+00
   6.8895000e+02   0.0000000e+00
   6.8905000e+02   0.0000000e+00
   6.8915000e+02   0.0000000e+00
   6.8925000e+02   0.0000000e+00
   6.8935000e+02   0.0000000e+00
   6.8945000e+02   0.0000000e+00
   6.8955000e+02   0.0000000e+00
   6.8965000e+02   0.0000000e+00
   6.8975000e+02   0.0000000e+00
   6.8985000e+02   0.0000000e+00
   6.8995000e+02   0.0000000e+00
   6.9005000e+02   0.0000000e+00
   6.9015000e+02   0.0000000e+00
   6.9025000e+02   0.0000000e+00
   6.9035000e+02   0.0000000e+00
   6.9045000e+02   0.0000000e+00
   6.9055000e+02   0.0000000e+00
   6.9065000e+02   0.0000000e+00
   6.9075000e+02   0.0000000e+00
   6.9085000e+02   0.0000000e+00
   6.9095000e+02   0.0000000e+00
   6.9105000e+02   0.0000000e+00
   6.9115000e+02   0.0000000e+00
   6.9125000e+02   0.0000000e+00
   6.9135000e+02   0.0000000e+00
   6.9145000e+02   0.0000000e+00
   6.9155000e+02   0.0000000e+00
   6.9165000e+02   0.0000000e+00
   6.9175000e+02   0.0000000e+00
   6.9185000e+02   0.0000000e+00
   6.9195000e+02   0.0000000e+00
   6.9205000e+02   0.0000000e+00
   6.9215000e+02   0.0000000e+00
   6.9225000e+02   0.0000000e+00
   6.9235000e+02   0.0000000e+00
   6.9245000e+02   0.0000000e+00
   6.9255000e+02   0.0000000e+00
   6.9265000e+02   0.0000000e+00
   6.9275000e+02   0.0000000e+00
   6.9285000e+02   0.0000000e+00
   6.9295000e+02   0.0000000e+00
   6.9305000e+02   0.0000000e+00
   6.9315000e+02   0.0000000e+00
   6.9325000e+02   0.0000000e+00
   6.9335000e+02   0.0000000e+00
   6.9345000e+02   0.0000000e+00
   6.9355000e+02   0.0000000e+00
   6.9365000e+02   0.0000000e+00
   6.9375000e+02   0.0000000e+00
   6.9385000e+02   0.0000000e+00
   6.9395000e+02   0.0000000e+00
   6.9405000e+02   0.0000000e+00
   6.9415000e+02   0.0000000e+00
   6.9425000e+02   0.0000000e+00
   6.9435000e+02   0.0000000e+00
   6.9445000e+02   0.0000000e+00
   6.9455000e+02   0.0000000e+00
   6.9465000e+02   0.0000000e+00
   6.9475000e+02   0.0000000e+00
   6.9485000e+02   0.0000000e+00
   6.9495000e+02   0.0000000e+00
   6.9505000e+02   0.0000000e+00
   6.9515000e+02   0.0000000e+00
   6.9525000e+02   0.0000000e+00
   6.9535000e+02   0.0000000e+00
   6.9545000e+02   0.0000000e+00
   6.9555000e+02   0.0000000e+00
   6.9565000e+02   0.0000000e+00
   6.9575000e+02   0.0000000e+00
   6.9585000e+02   0.0000000e+00
   6.9595000e+02   0.0000000e+00
   6.9605000e+02   0.0000000e+00
   6.9615000e+02   0.0000000e+00
   6.9625000e+02   0.0000000e+00
   6.9635000e+02   0.0000000e+00
   6.9645000e+02   0.0000000e+00
   6.9655000e+02   0.0000000e+00
   6.9665000e+02   0.0000000e+00
   6.9675000e+02   0.0000000e+00
   6.9685000e+02   0.0000000e+00
   6.9695000e+02   0.0000000e+00
   6.9705000e+02   0.0000000e+00
   6.9715000e+02   0.0000000e+00
   6.9725000e+02   0.0000000e+00
   6.9735000e+02   0.0000000e+00
   6.9745000e+02   0.0000000e+00
   6.9755000e+02   0.0000000e+00
   6.9765000e+02   0.0000000e+00
   6.9775000e+02   0.0000000e+00
   6.9785000e+02   0.0000000e+00
   6.9795000e+02   0.0000000e+00
   6.9805000e+02   0.0000000e+00
   6.9815000e+02   0.0000000e+00
   6.9825000e+02   0.0000000e+00
   6.9835000e+02   0.0000000e+00
   6.9845000e+02   0.0000000e+00
   6.9855000e+02   0.0000000e+00
   6.9865000e+02   0.0000000e+00
   6.9875000e+02   0.0000000e+00
   6.9885000e+02   0.0000000e+00
   6.9895000e+02   0.0000000e+00
   6.9905000e+02   0.0000000e+00
   6.9915000e+02   0.0000000e+00
   6.9925000e+02   0.0000000e+00
   6.9935000e+02   0.0000000e+00
   6.9945000e+02   0.0000000e+00
   6.9955000e+02   0.0000000e+00
   6.9965000e+02   0.0000000e+00
   6.9975000e+02   0.0000000e+00
   6.9985000e+02   0.0000000e+00
   6.9995000e+02   0.0000000e+00
   7.0005000e+02   0.0000000e+00
   7.0015000e+02   0.0000000e+00
   7.0025000e+02   0.0000000e+00
   7.0035000e+02   0.0000000e+00
   7.0045000e+02   0.0000000e+00
   7.0055000e+02   0.0000000e+00
   7.0065000e+02   0.0000000e+00
   7.0075000e+02   0.0000000e+00
   7.0085000e+02   0.0000000e+00
   7.0095000e+02   0.0000000e+00
   7.0105000e+02   0.0000000e+00
   7.0115000e+02   0.0000000e+00
   7.0125000e+02   0.0000000e+00
   7.0135000e+02   0.0000000e+00
   7.0145000e+02   0.0000000e+00
   7.0155000e+02   0.0000000e+00
   7.0165000e+02   0.0000000e+00
   7.0175000e+02   0.0000000e+00
   7.0185000e+02   0.0000000e+00
   7.0195000e+02   0.0000000e+00
   7.0205000e+02   0.0000000e+00
   7.0215000e+02   0.0000000e+00
   7.0225000e+02   0.0000000e+00
   7.0235000e+02   0.0000000e+00
   7.0245000e+02   0.0000000e+00
   7.0255000e+02   0.0000000e+00
   7.0265000e+02   0.0000000e+00
   7.0275000e+02   0.0000000e+00
   7.0285000e+02   0.0000000e+00
   7.0295000e+02   0.0000000e+00
   7.0305000e+02   0.0000000e+00
   7.0315000e+02   0.0000000e+00
   7.0325000e+02   0.0000000e+00
   7.0335000e+02   0.0000000e+00
   7.0345000e+02   0.0000000e+00
   7.0355000e+02   0.0000000e+00
   7.0365000e+02   0.0000000e+00
   7.0375000e+02   0.0000000e+00
   7.0385000e+02   0.0000000e+00
   7.0395000e+02   0.0000000e+00
   7.0405000e+02   0.0000000e+00
   7.0415000e+02   0.0000000e+00
   7.0425000e+02   0.0000000e+00
   7.0435000e+02   0.0000000e+00
   7.0445000e+02   0.0000000e+00
   7.0455000e+02   0.0000000e+00
   7.0465000e+02   0.0000000e+00
   7.0475000e+02   0.0000000e+00
   7.0485000e+02   0.0000000e+00
   7.0495000e+02   0.0000000e+00
   7.0505000e+02   0.0000000e+00
   7.0515000e+02   0.0000000e+00
   7.0525000e+02   0.0000000e+00
   7.0535000e+02   0.0000000e+00
   7.0545000e+02   0.0000000e+00
   7.0555000e+02   0.0000000e+00
   7.0565000e+02   0.0000000e+00
   7.0575000e+02   0.0000000e+00
   7.0585000e+02   0.0000000e+00
   7.0595000e+02   0.0000000e+00
   7.0605000e+02   0.0000000e+00
   7.0615000e+02   0.0000000e+00
   7.0625000e+02   0.0000000e+00
   7.0635000e+02   0.0000000e+00
   7.0645000e+02   0.0000000e+00
   7.0655000e+02   0.0000000e+00
   7.0665000e+02   0.0000000e+00
   7.0675000e+02   0.0000000e+00
   7.0685000e+02   0.0000000e+00
   7.0695000e+02   0.0000000e+00
   7.0705000e+02   0.0000000e+00
   7.0715000e+02   0.0000000e+00
   7.0725000e+02   0.0000000e+00
   7.0735000e+02   0.0000000e+00
   7.0745000e+02   0.0000000e+00
   7.0755000e+02   0.0000000e+00
   7.0765000e+02   0.0000000e+00
   7.0775000e+02   0.0000000e+00
   7.0785000e+02   0.0000000e+00
   7.0795000e+02   0.0000000e+00
   7.0805000e+02   0.0000000e+00
   7.0815000e+02   0.0000000e+00
   7.0825000e+02   0.0000000e+00
   7.0835000e+02   0.0000000e+00
   7.0845000e+02   0.0000000e+00
   7.0855000e+02   0.0000000e+00
   7.0865000e+02   0.0000000e+00
   7.0875000e+02   0.0000000e+00
   7.0885000e+02   0.0000000e+00
   7.0895000e+02   0.0000000e+00
   7.0905000e+02   0.0000000e+00
   7.0915000e+02   0.0000000e+00
   7.0925000e+02   0.0000000e+00
   7.0935000e+02   0.0000000e+00
   7.0945000e+02   0.0000000e+00
   7.0955000e+02   0.0000000e+00
   7.0965000e+02   0.0000000e+00
   7.0975000e+02   0.0000000e+00
   7.0985000e+02   0.0000000e+00
   7.0995000e+02   0.0000000e+00
   7.1005000e+02   0.0000000e+00
   7.1015000e+02   0.0000000e+00
   7.1025000e+02   0.0000000e+00
   7.1035000e+02   0.0000000e+00
   7.1045000e+02   0.0000000e+00
   7.1055000e+02   0.0000000e+00
   7.1065000e+02   0.0000000e+00
   7.1075000e+02   0.0000000e+00
   7.1085000e+02   0.0000000e+00
   7.1095000e+02   0.0000000e+00
   7.1105000e+02   0.0000000e+00
   7.1115000e+02   0.0000000e+00
   7.1125000e+02   0.0000000e+00
   7.1135000e+02   0.0000000e+00
   7.1145000e+02   0.0000000e+00
   7.1155000e+02   0.0000000e+00
   7.1165000e+02   0.0000000e+00
   7.1175000e+02   0.0000000e+00
   7.1185000e+02   0.0000000e+00
   7.1195000e+02   0.0000000e+00
   7.1205000e+02   0.0000000e+00
   7.1215000e+02   0.0000000e+00
   7.1225000e+02   0.0000000e+00
   7.1235000e+02   0.0000000e+00
   7.1245000e+02   0.0000000e+00
   7.1255000e+02   0.0000000e+00
   7.1265000e+02   0.0000000e+00
   7.1275000e+02   0.0000000e+00
   7.1285000e+02   0.0000000e+00
   7.1295000e+02   0.0000000e+00
   7.1305000e+02   0.0000000e+00
   7.1315000e+02   0.0000000e+00
   7.1325000e+02   0.0000000e+00
   7.1335000e+02   0.0000000e+00
   7.1345000e+02   0.0000000e+00
   7.1355000e+02   0.0000000e+00
   7.1365000e+02   0.0000000e+00
   7.1375000e+02   0.0000000e+00
   7.1385000e+02   0.0000000e+00
   7.1395000e+02   0.0000000e+00
   7.1405000e+02   0.0000000e+00
   7.1415000e+02   0.0000000e+00
   7.1425000e+02   0.0000000e+00
   7.1435000e+02   0.0000000e+00
   7.1445000e+02   0.0000000e+00
   7.1455000e+02   0.0000000e+00
   7.1465000e+02   0.0000000e+00
   7.1475000e+02   0.0000000e+00
   7.1485000e+02   0.0000000e+00
   7.1495000e+02   0.0000000e+00
   7.1505000e+02   0.0000000e+00
   7.1515000e+02   0.0000000e+00
   7.1525000e+02   0.0000000e+00
   7.1535000e+02   0.0000000e+00
   7.1545000e+02   0.0000000e+00
   7.1555000e+02   0.0000000e+00
   7.1565000e+02   0.0000000e+00
   7.1575000e+02   0.0000000e+00
   7.1585000e+02   0.0000000e+00
   7.1595000e+02   0.0000000e+00
   7.1605000e+02   0.0000000e+00
   7.1615000e+02   0.0000000e+00
   7.1625000e+02   0.0000000e+00
   7.1635000e+02   0.0000000e+00
   7.1645000e+02   0.0000000e+00
   7.1655000e+02   0.0000000e+00
   7.1665000e+02   0.0000000e+00
   7.1675000e+02   0.0000000e+00
   7.1685000e+02   0.0000000e+00
   7.1695000e+02   0.0000000e+00
   7.1705000e+02   0.0000000e+00
   7.1715000e+02   0.0000000e+00
   7.1725000e+02   0.0000000e+00
   7.1735000e+02   0.0000000e+00
   7.1745000e+02   0.0000000e+00
   7.1755000e+02   0.0000000e+00
   7.1765000e+02   0.0000000e+00
   7.1775000e+02   0.0000000e+00
   7.1785000e+02   0.0000000e+00
   7.1795000e+02   0.0000000e+00
   7.1805000e+02   0.0000000e+00
   7.1815000e+02   0.0000000e+00
   7.1825000e+02   0.0000000e+00
   7.1835000e+02   0.0000000e+00
   7.1845000e+02   0.0000000e+00
   7.1855000e+02   0.0000000e+00
   7.1865000e+02   0.0000000e+00
   7.1875000e+02   0.0000000e+00
   7.1885000e+02   0.0000000e+00
   7.1895000e+02   0.0000000e+00
   7.1905000e+02   0.0000000e+00
   7.1915000e+02   0.0000000e+00
   7.1925000e+02   0.0000000e+00
   7.1935000e+02   0.0000000e+00
   7.1945000e+02   0.0000000e+00
   7.1955000e+02   0.0000000e+00
   7.1965000e+02   0.0000000e+00
   7.1975000e+02   0.0000000e+00
   7.1985000e+02   0.0000000e+00
   7.1995000e+02   0.0000000e+00
   7.2005000e+02   0.0000000e+00
   7.2015000e+02   0.0000000e+00
   7.2025000e+02   0.0000000e+00
   7.2035000e+02   0.0000000e+00
   7.2045000e+02   0.0000000e+00
   7.2055000e+02   0.0000000e+00
   7.2065000e+02   0.0000000e+00
   7.2075000e+02   0.0000000e+00
   7.2085000e+02   0.0000000e+00
   7.2095000e+02   0.0000000e+00
   7.2105000e+02   0.0000000e+00
   7.2115000e+02   0.0000000e+00
   7.2125000e+02   0.0000000e+00
   7.2135000e+02   0.0000000e+00
   7.2145000e+02   0.0000000e+00
   7.2155000e+02   0.0000000e+00
   7.2165000e+02   0.0000000e+00
   7.2175000e+02   0.0000000e+00
   7.2185000e+02   0.0000000e+00
   7.2195000e+02   0.0000000e+00
   7.2205000e+02   0.0000000e+00
   7.2215000e+02   0.0000000e+00
   7.2225000e+02   0.0000000e+00
   7.2235000e+02   0.0000000e+00
   7.2245000e+02   0.0000000e+00
   7.2255000e+02   0.0000000e+00
   7.2265000e+02   0.0000000e+00
   7.2275000e+02   0.0000000e+00
   7.2285000e+02   0.0000000e+00
   7.2295000e+02   0.0000000e+00
   7.2305000e+02   0.0000000e+00
   7.2315000e+02   0.0000000e+00
   7.2325000e+02   0.0000000e+00
   7.2335000e+02   0.0000000e+00
   7.2345000e+02   0.0000000e+00
   7.2355000e+02   0.0000000e+00
   7.2365000e+02   0.0000000e+00
   7.2375000e+02   0.0000000e+00
   7.2385000e+02   0.0000000e+00
   7.2395000e+02   0.0000000e+00
   7.2405000e+02   0.0000000e+00
   7.2415000e+02   0.0000000e+00
   7.2425000e+02   0.0000000e+00
   7.2435000e+02   0.0000000e+00
   7.2445000e+02   0.0000000e+00
   7.2455000e+02   0.0000000e+00
   7.2465000e+02   0.0000000e+00
   7.2475000e+02   0.0000000e+00
   7.2485000e+02   0.0000000e+00
   7.2495000e+02   0.0000000e+00
   7.2505000e+02   0.0000000e+00
   7.2515000e+02   0.0000000e+00
   7.2525000e+02   0.0000000e+00
   7.2535000e+02   0.0000000e+00
   7.2545000e+02   0.0000000e+00
   7.2555000e+02   0.0000000e+00
   7.2565000e+02   0.0000000e+00
   7.2575000e+02   0.0000000e+00
   7.2585000e+02   0.0000000e+00
   7.2595000e+02   0.0000000e+00
   7.2605000e+02   0.0000000e+00
   7.2615000e+02   0.0000000e+00
   7.2625000e+02   0.0000000e+00
   7.2635000e+02   0.0000000e+00
   7.2645000e+02   0.0000000e+00
   7.2655000e+02   0.0000000e+00
   7.2665000e+02   0.0000000e+00
   7.2675000e+02   0.0000000e+00
   7.2685000e+02   0.0000000e+00
   7.2695000e+02   0.0000000e+00
   7.2705000e+02   0.0000000e+00
   7.2715000e+02   0.0000000e+00
   7.2725000e+02   0.0000000e+00
   7.2735000e+02   0.0000000e+00
   7.2745000e+02   0.0000000e+00
   7.2755000e+02   0.0000000e+00
   7.2765000e+02   0.0000000e+00
   7.2775000e+02   0.0000000e+00
   7.2785000e+02   0.0000000e+00
   7.2795000e+02   0.0000000e+00
   7.2805000e+02   0.0000000e+00
   7.2815000e+02   0.0000000e+00
   7.2825000e+02   0.0000000e+00
   7.2835000e+02   0.0000000e+00
   7.2845000e+02   0.0000000e+00
   7.2855000e+02   0.0000000e+00
   7.2865000e+02   0.0000000e+00
   7.2875000e+02   0.0000000e+00
   7.2885000e+02   0.0000000e+00
   7.2895000e+02   0.0000000e+00
   7.2905000e+02   0.0000000e+00
   7.2915000e+02   0.0000000e+00
   7.2925000e+02   0.0000000e+00
   7.2935000e+02   0.0000000e+00
   7.2945000e+02   0.0000000e+00
   7.2955000e+02   0.0000000e+00
   7.2965000e+02   0.0000000e+00
   7.2975000e+02   0.0000000e+00
   7.2985000e+02   0.0000000e+00
   7.2995000e+02   0.0000000e+00
   7.3005000e+02   0.0000000e+00
   7.3015000e+02   0.0000000e+00
   7.3025000e+02   0.0000000e+00
   7.3035000e+02   0.0000000e+00
   7.3045000e+02   0.0000000e+00
   7.3055000e+02   0.0000000e+00
   7.3065000e+02   0.0000000e+00
   7.3075000e+02   0.0000000e+00
   7.3085000e+02   0.0000000e+00
   7.3095000e+02   0.0000000e+00
   7.3105000e+02   0.0000000e+00
   7.3115000e+02   0.0000000e+00
   7.3125000e+02   0.0000000e+00
   7.3135000e+02   0.0000000e+00
   7.3145000e+02   0.0000000e+00
   7.3155000e+02   0.0000000e+00
   7.3165000e+02   0.0000000e+00
   7.3175000e+02   0.0000000e+00
   7.3185000e+02   0.0000000e+00
   7.3195000e+02   0.0000000e+00
   7.3205000e+02   0.0000000e+00
   7.3215000e+02   0.0000000e+00
   7.3225000e+02   0.0000000e+00
   7.3235000e+02   0.0000000e+00
   7.3245000e+02   0.0000000e+00
   7.3255000e+02   0.0000000e+00
   7.3265000e+02   0.0000000e+00
   7.3275000e+02   0.0000000e+00
   7.3285000e+02   0.0000000e+00
   7.3295000e+02   0.0000000e+00
   7.3305000e+02   0.0000000e+00
   7.3315000e+02   0.0000000e+00
   7.3325000e+02   0.0000000e+00
   7.3335000e+02   0.0000000e+00
   7.3345000e+02   0.0000000e+00
   7.3355000e+02   0.0000000e+00
   7.3365000e+02   0.0000000e+00
   7.3375000e+02   0.0000000e+00
   7.3385000e+02   0.0000000e+00
   7.3395000e+02   0.0000000e+00
   7.3405000e+02   0.0000000e+00
   7.3415000e+02   0.0000000e+00
   7.3425000e+02   0.0000000e+00
   7.3435000e+02   0.0000000e+00
   7.3445000e+02   0.0000000e+00
   7.3455000e+02   0.0000000e+00
   7.3465000e+02   0.0000000e+00
   7.3475000e+02   0.0000000e+00
   7.3485000e+02   0.0000000e+00
   7.3495000e+02   0.0000000e+00
   7.3505000e+02   0.0000000e+00
   7.3515000e+02   0.0000000e+00
   7.3525000e+02   0.0000000e+00
   7.3535000e+02   0.0000000e+00
   7.3545000e+02   0.0000000e+00
   7.3555000e+02   0.0000000e+00
   7.3565000e+02   0.0000000e+00
   7.3575000e+02   0.0000000e+00
   7.3585000e+02   0.0000000e+00
   7.3595000e+02   0.0000000e+00
   7.3605000e+02   0.0000000e+00
   7.3615000e+02   0.0000000e+00
   7.3625000e+02   0.0000000e+00
   7.3635000e+02   0.0000000e+00
   7.3645000e+02   0.0000000e+00
   7.3655000e+02   0.0000000e+00
   7.3665000e+02   0.0000000e+00
   7.3675000e+02   0.0000000e+00
   7.3685000e+02   0.0000000e+00
   7.3695000e+02   0.0000000e+00
   7.3705000e+02   0.0000000e+00
   7.3715000e+02   0.0000000e+00
   7.3725000e+02   0.0000000e+00
   7.3735000e+02   0.0000000e+00
   7.3745000e+02   0.0000000e+00
   7.3755000e+02   0.0000000e+00
   7.3765000e+02   0.0000000e+00
   7.3775000e+02   0.0000000e+00
   7.3785000e+02   0.0000000e+00
   7.3795000e+02   0.0000000e+00
   7.3805000e+02   0.0000000e+00
   7.3815000e+02   0.0000000e+00
   7.3825000e+02   0.0000000e+00
   7.3835000e+02   0.0000000e+00
   7.3845000e+02   0.0000000e+00
   7.3855000e+02   0.0000000e+00
   7.3865000e+02   0.0000000e+00
   7.3875000e+02   0.0000000e+00
   7.3885000e+02   0.0000000e+00
   7.3895000e+02   0.0000000e+00
   7.3905000e+02   0.0000000e+00
   7.3915000e+02   0.0000000e+00
   7.3925000e+02   0.0000000e+00
   7.3935000e+02   0.0000000e+00
   7.3945000e+02   0.0000000e+00
   7.3955000e+02   0.0000000e+00
   7.3965000e+02   0.0000000e+00
   7.3975000e+02   0.0000000e+00
   7.3985000e+02   0.0000000e+00
   7.3995000e+02   0.0000000e+00
   7.4005000e+02   0.0000000e+00
   7.4015000e+02   0.0000000e+00
   7.4025000e+02   0.0000000e+00
   7.4035000e+02   0.0000000e+00
   7.4045000e+02   0.0000000e+00
   7.4055000e+02   0.0000000e+00
   7.4065000e+02   0.0000000e+00
   7.4075000e+02   0.0000000e+00
   7.4085000e+02   0.0000000e+00
   7.4095000e+02   0.0000000e+00
   7.4105000e+02   0.0000000e+00
   7.4115000e+02   0.0000000e+00
   7.4125000e+02   0.0000000e+00
   7.4135000e+02   0.0000000e+00
   7.4145000e+02   0.0000000e+00
   7.4155000e+02   0.0000000e+00
   7.4165000e+02   0.0000000e+00
   7.4175000e+02   0.0000000e+00
   7.4185000e+02   0.0000000e+00
   7.4195000e+02   0.0000000e+00
   7.4205000e+02   0.0000000e+00
   7.4215000e+02   0.0000000e+00
   7.4225000e+02   0.0000000e+00
   7.4235000e+02   0.0000000e+00
   7.4245000e+02   0.0000000e+00
   7.4255000e+02   0.0000000e+00
   7.4265000e+02   0.0000000e+00
   7.4275000e+02   0.0000000e+00
   7.4285000e+02   0.0000000e+00
   7.4295000e+02   0.0000000e+00
   7.4305000e+02   0.0000000e+00
   7.4315000e+02   0.0000000e+00
   7.4325000e+02   0.0000000e+00
   7.4335000e+02   0.0000000e+00
   7.4345000e+02   0.0000000e+00
   7.4355000e+02   0.0000000e+00
   7.4365000e+02   0.0000000e+00
   7.4375000e+02   0.0000000e+00
   7.4385000e+02   0.0000000e+00
   7.4395000e+02   0.0000000e+00
   7.4405000e+02   0.0000000e+00
   7.4415000e+02   0.0000000e+00
   7.4425000e+02   0.0000000e+00
   7.4435000e+02   0.0000000e+00
   7.4445000e+02   0.0000000e+00
   7.4455000e+02   0.0000000e+00
   7.4465000e+02   0.0000000e+00
   7.4475000e+02   0.0000000e+00
   7.4485000e+02   0.0000000e+00
   7.4495000e+02   0.0000000e+00
   7.4505000e+02   0.0000000e+00
   7.4515000e+02   0.0000000e+00
   7.4525000e+02   0.0000000e+00
   7.4535000e+02   0.0000000e+00
   7.4545000e+02   0.0000000e+00
   7.4555000e+02   0.0000000e+00
   7.4565000e+02   0.0000000e+00
   7.4575000e+02   0.0000000e+00
   7.4585000e+02   0.0000000e+00
   7.4595000e+02   0.0000000e+00
   7.4605000e+02   0.0000000e+00
   7.4615000e+02   0.0000000e+00
   7.4625000e+02   0.0000000e+00
   7.4635000e+02   0.0000000e+00
   7.4645000e+02   0.0000000e+00
   7.4655000e+02   0.0000000e+00
   7.4665000e+02   0.0000000e+00
   7.4675000e+02   0.0000000e+00
   7.4685000e+02   0.0000000e+00
   7.4695000e+02   0.0000000e+00
   7.4705000e+02   0.0000000e+00
   7.4715000e+02   0.0000000e+00
   7.4725000e+02   0.0000000e+00
   7.4735000e+02   0.0000000e+00
   7.4745000e+02   0.0000000e+00
   7.4755000e+02   0.0000000e+00
   7.4765000e+02   0.0000000e+00
   7.4775000e+02   0.0000000e+00
   7.4785000e+02   0.0000000e+00
   7.4795000e+02   0.0000000e+00
   7.4805000e+02   0.0000000e+00
   7.4815000e+02   0.0000000e+00
   7.4825000e+02   0.0000000e+00
   7.4835000e+02   0.0000000e+00
   7.4845000e+02   0.0000000e+00
   7.4855000e+02   0.0000000e+00
   7.4865000e+02   0.0000000e+00
   7.4875000e+02   0.0000000e+00
   7.4885000e+02   0.0000000e+00
   7.4895000e+02   0.0000000e+00
   7.4905000e+02   0.0000000e+00
   7.4915000e+02   0.0000000e+00
   7.4925000e+02   0.0000000e+00
   7.4935000e+02   0.0000000e+00
   7.4945000e+02   0.0000000e+00
   7.4955000e+02   0.0000000e+00
   7.4965000e+02   0.0000000e+00
   7.4975000e+02   0.0000000e+00
   7.4985000e+02   0.0000000e+00
   7.4995000e+02   0.0000000e+00
   7.5005000e+02   0.0000000e+00
   7.5015000e+02   0.0000000e+00
   7.5025000e+02   0.0000000e+00
   7.5035000e+02   0.0000000e+00
   7.5045000e+02   0.0000000e+00
   7.5055000e+02   0.0000000e+00
   7.5065000e+02   0.0000000e+00
   7.5075000e+02   0.0000000e+00
   7.5085000e+02   0.0000000e+00
   7.5095000e+02   0.0000000e+00
   7.5105000e+02   0.0000000e+00
   7.5115000e+02   0.0000000e+00
   7.5125000e+02   0.0000000e+00
   7.5135000e+02   0.0000000e+00
   7.5145000e+02   0.0000000e+00
   7.5155000e+02   2.7927928e-02
   7.5165000e+02   2.9729730e-02
   7.5175000e+02   3.1531532e-02
   7.5185000e+02   3.3333333e-02
   7.5195000e+02   3.5135135e-02
   7.5205000e+02   3.6936937e-02
   7.5215000e+02   3.8738739e-02
   7.5225000e+02   4.0540541e-02
   7.5235000e+02   4.2342342e-02
   7.5245000e+02   4.4144144e-02
   7.5255000e+02   4.5945946e-02
   7.5265000e+02   4.7747748e-02
   7.5275000e+02   4.9549550e-02
   7.5285000e+02   5.1351351e-02
   7.5295000e+02   5.3153153e-02
   7.5305000e+02   5.6756757e-02
   7.5315000e+02   6.2162162e-02
   7.5325000e+02   6.7567568e-02
   7.5335000e+02   7.2972973e-02
   7.5345000e+02   7.8378378e-02
   7.5355000e+02   8.3783784e-02
   7.5365000e+02   8.9189189e-02
   7.5375000e+02   9.4594595e-02
   7.5385000e+02   1.0360360e-01
   7.5395000e+02   1.1261261e-01
   7.5405000e+02   1.2162162e-01
   7.5415000e+02   1.3063063e-01
   7.5425000e+02   1.3963964e-01
   7.5435000e+02   1.4864865e-01
   7.5445000e+02   1.5765766e-01
   7.5455000e+02   1.6666667e-01
   7.5465000e+02   1.7567568e-01
   7.5475000e+02   1.8468468e-01
   7.5485000e+02   1.9369369e-01
   7.5495000e+02   2.0270270e-01
   7.5505000e+02   2.1171171e-01
   7.5515000e+02   2.2072072e-01
   7.5525000e+02   2.2972973e-01
   7.5535000e+02   2.4234234e-01
   7.5545000e+02   2.5495495e-01
   7.5555000e+02   2.6756757e-01
   7.5565000e+02   2.8018018e-01
   7.5575000e+02   2.9279279e-01
   7.5585000e+02   3.0540541e-01
   7.5595000e+02   3.1801802e-01
   7.5605000e+02   3.3423423e-01
   7.5615000e+02   3.5405405e-01
   7.5625000e+02   3.7387387e-01
   7.5635000e+02   3.9369369e-01
   7.5645000e+02   4.1351351e-01
   7.5655000e+02   4.3333333e-01
   7.5665000e+02   4.5315315e-01
   7.5675000e+02   4.7297297e-01
   7.5685000e+02   4.7117117e-01
   7.5695000e+02   4.6936937e-01
   7.5705000e+02   4.6756757e-01
   7.5715000e+02   4.6576577e-01
   7.5725000e+02   4.6396396e-01
   7.5735000e+02   4.6216216e-01
   7.5745000e+02   4.6036036e-01
   7.5755000e+02   4.6234234e-01
   7.5765000e+02   4.6810811e-01
   7.5775000e+02   4.7387387e-01
   7.5785000e+02   4.7963964e-01
   7.5795000e+02   4.8540541e-01
   7.5805000e+02   4.9117117e-01
   7.5815000e+02   4.9693694e-01
   7.5825000e+02   5.0270270e-01
   7.5835000e+02   5.0846847e-01
   7.5845000e+02   5.1423423e-01
   7.5855000e+02   5.2000000e-01
   7.5865000e+02   5.2576577e-01
   7.5875000e+02   5.3153153e-01
   7.5885000e+02   5.3729730e-01
   7.5895000e+02   5.4306306e-01
   7.5905000e+02   5.4882883e-01
   7.5915000e+02   5.5459459e-01
   7.5925000e+02   5.6036036e-01
   7.5935000e+02   5.6612613e-01
   7.5945000e+02   5.7189189e-01
   7.5955000e+02   5.7765766e-01
   7.5965000e+02   5.8342342e-01
   7.5975000e+02   5.8918919e-01
   7.5985000e+02   5.9495495e-01
   7.5995000e+02   6.0072072e-01
   7.6005000e+02   6.0648649e-01
   7.6015000e+02   6.1225225e-01
   7.6025000e+02   6.1801802e-01
   7.6035000e+02   6.2378378e-01
   7.6045000e+02   6.2954955e-01
   7.6055000e+02   6.3531532e-01
   7.6065000e+02   6.4108108e-01
   7.6075000e+02   6.4684685e-01
   7.6085000e+02   6.5261261e-01
   7.6095000e+02   6.5837838e-01
   7.6105000e+02   6.6414414e-01
   7.6115000e+02   6.6990991e-01
   7.6125000e+02   6.7567568e-01
   7.6135000e+02   6.7243243e-01
   7.6145000e+02   6.6918919e-01
   7.6155000e+02   6.6594595e-01
   7.6165000e+02   6.6270270e-01
   7.6175000e+02   6.5945946e-01
   7.6185000e+02   6.5621622e-01
   7.6195000e+02   6.5297297e-01
   7.6205000e+02   6.4972973e-01
   7.6215000e+02   6.4648649e-01
   7.6225000e+02   6.4324324e-01
   7.6235000e+02   6.4000000e-01
   7.6245000e+02   6.3675676e-01
   7.6255000e+02   6.3351351e-01
   7.6265000e+02   6.3027027e-01
   7.6275000e+02   6.2702703e-01
   7.6285000e+02   6.2378378e-01
   7.6295000e+02   6.2054054e-01
   7.6305000e+02   6.1729730e-01
   7.6315000e+02   6.1405405e-01
   7.6325000e+02   6.1081081e-01
   7.6335000e+02   6.0756757e-01
   7.6345000e+02   6.0432432e-01
   7.6355000e+02   6.0108108e-01
   7.6365000e+02   5.9783784e-01
   7.6375000e+02   5.9459459e-01
   7.6385000e+02   5.9135135e-01
   7.6395000e+02   5.8810811e-01
   7.6405000e+02   5.8486486e-01
   7.6415000e+02   5.8162162e-01
   7.6425000e+02   5.7837838e-01
   7.6435000e+02   5.7513514e-01
   7.6445000e+02   5.7189189e-01
   7.6455000e+02   5.6864865e-01
   7.6465000e+02   5.6540541e-01
   7.6475000e+02   5.6216216e-01
   7.6485000e+02   5.5891892e-01
   7.6495000e+02   5.5567568e-01
   7.6505000e+02   5.5306306e-01
   7.6515000e+02   5.5108108e-01
   7.6525000e+02   5.4909910e-01
   7.6535000e+02   5.4711712e-01
   7.6545000e+02   5.4513514e-01
   7.6555000e+02   5.4315315e-01
   7.6565000e+02   5.4117117e-01
   7.6575000e+02   5.3918919e-01
   7.6585000e+02   5.3720721e-01
   7.6595000e+02   5.3522523e-01
   7.6605000e+02   5.3324324e-01
   7.6615000e+02   5.3126126e-01
   7.6625000e+02   5.2927928e-01
   7.6635000e+02   5.2729730e-01
   7.6645000e+02   5.2531532e-01
   7.6655000e+02   5.2333333e-01
   7.6665000e+02   5.2135135e-01
   7.6675000e+02   5.1936937e-01
   7.6685000e+02   5.1738739e-01
   7.6695000e+02   5.1540541e-01
   7.6705000e+02   5.1342342e-01
   7.6715000e+02   5.1144144e-01
   7.6725000e+02   5.0945946e-01
   7.6735000e+02   5.0747748e-01
   7.6745000e+02   5.0549550e-01
   7.6755000e+02   5.0351351e-01
   7.6765000e+02   5.0153153e-01
   7.6775000e+02   4.9954955e-01
   7.6785000e+02   4.9756757e-01
   7.6795000e+02   4.9558559e-01
   7.6805000e+02   4.9360360e-01
   7.6815000e+02   4.9162162e-01
   7.6825000e+02   4.8963964e-01
   7.6835000e+02   4.8765766e-01
   7.6845000e+02   4.8567568e-01
   7.6855000e+02   4.8369369e-01
   7.6865000e+02   4.8171171e-01
   7.6875000e+02   4.7972973e-01
   7.6885000e+02   4.7774775e-01
   7.6895000e+02   4.7576577e-01
   7.6905000e+02   4.7378378e-01
   7.6915000e+02   4.7180180e-01
   7.6925000e+02   4.6981982e-01
   7.6935000e+02   4.6783784e-01
   7.6945000e+02   4.6585586e-01
   7.6955000e+02   4.6387387e-01
   7.6965000e+02   4.6189189e-01
   7.6975000e+02   4.5990991e-01
   7.6985000e+02   4.5792793e-01
   7.6995000e+02   4.5594595e-01
   7.7005000e+02   4.5396396e-01
   7.7015000e+02   4.5198198e-01
   7.7025000e+02   4.5000000e-01
   7.7035000e+02   4.4801802e-01
   7.7045000e+02   4.4603604e-01
   7.7055000e+02   4.4405405e-01
   7.7065000e+02   4.4207207e-01
   7.7075000e+02   4.4009009e-01
   7.7085000e+02   4.3810811e-01
   7.7095000e+02   4.3612613e-01
   7.7105000e+02   4.3414414e-01
   7.7115000e+02   4.3216216e-01
   7.7125000e+02   4.3018018e-01
   7.7135000e+02   4.2819820e-01
   7.7145000e+02   4.2621622e-01
   7.7155000e+02   4.2423423e-01
   7.7165000e+02   4.2225225e-01
   7.7175000e+02   4.2027027e-01
   7.7185000e+02   4.1828829e-01
   7.7195000e+02   4.1630631e-01
   7.7205000e+02   4.1432432e-01
   7.7215000e+02   4.1234234e-01
   7.7225000e+02   4.1036036e-01
   7.7235000e+02   4.0837838e-01
   7.7245000e+02   4.0639640e-01
   7.7255000e+02   4.0531532e-01
   7.7265000e+02   4.0513514e-01
   7.7275000e+02   4.0495495e-01
   7.7285000e+02   4.0477477e-01
   7.7295000e+02   4.0459459e-01
   7.7305000e+02   4.0441441e-01
   7.7315000e+02   4.0423423e-01
   7.7325000e+02   4.0405405e-01
   7.7335000e+02   4.0387387e-01
   7.7345000e+02   4.0369369e-01
   7.7355000e+02   4.0351351e-01
   7.7365000e+02   4.0333333e-01
   7.7375000e+02   4.0315315e-01
   7.7385000e+02   4.0297297e-01
   7.7395000e+02   4.0279279e-01
   7.7405000e+02   4.0261261e-01
   7.7415000e+02   4.0243243e-01
   7.7425000e+02   4.0225225e-01
   7.7435000e+02   4.0207207e-01
   7.7445000e+02   4.0189189e-01
   7.7455000e+02   4.0171171e-01
   7.7465000e+02   4.0153153e-01
   7.7475000e+02   4.0135135e-01
   7.7485000e+02   4.0117117e-01
   7.7495000e+02   4.0099099e-01
   7.7505000e+02   4.0081081e-01
   7.7515000e+02   4.0063063e-01
   7.7525000e+02   4.0045045e-01
   7.7535000e+02   4.0027027e-01
   7.7545000e+02   4.0009009e-01
   7.7555000e+02   3.9990991e-01
   7.7565000e+02   3.9972973e-01
   7.7575000e+02   3.9954955e-01
   7.7585000e+02   3.9936937e-01
   7.7595000e+02   3.9918919e-01
   7.7605000e+02   3.9900901e-01
   7.7615000e+02   3.9882883e-01
   7.7625000e+02   3.9864865e-01
   7.7635000e+02   3.9846847e-01
   7.7645000e+02   3.9828829e-01
   7.7655000e+02   3.9810811e-01
   7.7665000e+02   3.9792793e-01
   7.7675000e+02   3.9774775e-01
   7.7685000e+02   3.9756757e-01
   7.7695000e+02   3.9738739e-01
   7.7705000e+02   3.9720721e-01
   7.7715000e+02   3.9702703e-01
   7.7725000e+02   3.9684685e-01
   7.7735000e+02   3.9666667e-01
   7.7745000e+02   3.9648649e-01
   7.7755000e+02   3.9630631e-01
   7.7765000e+02   3.9612613e-01
   7.7775000e+02   3.9594595e-01
   7.7785000e+02   3.9576577e-01
   7.7795000e+02   3.9558559e-01
   7.7805000e+02   3.9540541e-01
   7.7815000e+02   3.9522523e-01
   7.7825000e+02   3.9504505e-01
   7.7835000e+02   3.9486486e-01
   7.7845000e+02   3.9468468e-01
   7.7855000e+02   3.9450450e-01
   7.7865000e+02   3.9432432e-01
   7.7875000e+02   3.9414414e-01
   7.7885000e+02   3.9396396e-01
   7.7895000e+02   3.9378378e-01
   7.7905000e+02   3.9360360e-01
   7.7915000e+02   3.9342342e-01
   7.7925000e+02   3.9324324e-01
   7.7935000e+02   3.9306306e-01
   7.7945000e+02   3.9288288e-01
   7.7955000e+02   3.9270270e-01
   7.7965000e+02   3.9252252e-01
   7.7975000e+02   3.9234234e-01
   7.7985000e+02   3.9216216e-01
   7.7995000e+02   3.9198198e-01
   7.8005000e+02   3.9207207e-01
   7.8015000e+02   3.9243243e-01
   7.8025000e+02   3.9279279e-01
   7.8035000e+02   3.9315315e-01
   7.8045000e+02   3.9351351e-01
   7.8055000e+02   3.9387387e-01
   7.8065000e+02   3.9423423e-01
   7.8075000e+02   3.9459459e-01
   7.8085000e+02   3.9495495e-01
   7.8095000e+02   3.9531532e-01
   7.8105000e+02   3.9567568e-01
   7.8115000e+02   3.9603604e-01
   7.8125000e+02   3.9639640e-01
   7.8135000e+02   3.9675676e-01
   7.8145000e+02   3.9711712e-01
   7.8155000e+02   3.9747748e-01
   7.8165000e+02   3.9783784e-01
   7.8175000e+02   3.9819820e-01
   7.8185000e+02   3.9855856e-01
   7.8195000e+02   3.9891892e-01
   7.8205000e+02   3.9927928e-01
   7.8215000e+02   3.9963964e-01
   7.8225000e+02   4.0000000e-01
   7.8235000e+02   4.0036036e-01
   7.8245000e+02   4.0072072e-01
   7.8255000e+02   4.0108108e-01
   7.8265000e+02   4.0144144e-01
   7.8275000e+02   4.0180180e-01
   7.8285000e+02   4.0216216e-01
   7.8295000e+02   4.0252252e-01
   7.8305000e+02   4.0288288e-01
   7.8315000e+02   4.0324324e-01
   7.8325000e+02   4.0360360e-01
   7.8335000e+02   4.0396396e-01
   7.8345000e+02   4.0432432e-01
   7.8355000e+02   4.0468468e-01
   7.8365000e+02   4.0504505e-01
   7.8375000e+02   4.0540541e-01
   7.8385000e+02   4.0576577e-01
   7.8395000e+02   4.0612613e-01
   7.8405000e+02   4.0648649e-01
   7.8415000e+02   4.0684685e-01
   7.8425000e+02   4.0720721e-01
   7.8435000e+02   4.0756757e-01
   7.8445000e+02   4.0792793e-01
   7.8455000e+02   4.0828829e-01
   7.8465000e+02   4.0864865e-01
   7.8475000e+02   4.0900901e-01
   7.8485000e+02   4.0936937e-01
   7.8495000e+02   4.0972973e-01
   7.8505000e+02   4.1009009e-01
   7.8515000e+02   4.1045045e-01
   7.8525000e+02   4.1081081e-01
   7.8535000e+02   4.1117117e-01
   7.8545000e+02   4.1153153e-01
   7.8555000e+02   4.1189189e-01
   7.8565000e+02   4.1225225e-01
   7.8575000e+02   4.1261261e-01
   7.8585000e+02   4.1297297e-01
   7.8595000e+02   4.1333333e-01
   7.8605000e+02   4.1369369e-01
   7.8615000e+02   4.1405405e-01
   7.8625000e+02   4.1441441e-01
   7.8635000e+02   4.1477477e-01
   7.8645000e+02   4.1513514e-01
   7.8655000e+02   4.1549550e-01
   7.8665000e+02   4.1585586e-01
   7.8675000e+02   4.1621622e-01
   7.8685000e+02   4.1657658e-01
   7.8695000e+02   4.1693694e-01
   7.8705000e+02   4.1729730e-01
   7.8715000e+02   4.1765766e-01
   7.8725000e+02   4.1801802e-01
   7.8735000e+02   4.1837838e-01
   7.8745000e+02   4.1873874e-01
   7.8755000e+02   4.1936937e-01
   7.8765000e+02   4.2027027e-01
   7.8775000e+02   4.2117117e-01
   7.8785000e+02   4.2207207e-01
   7.8795000e+02   4.2297297e-01
   7.8805000e+02   4.2387387e-01
   7.8815000e+02   4.2477477e-01
   7.8825000e+02   4.2567568e-01
   7.8835000e+02   4.2657658e-01
   7.8845000e+02   4.2747748e-01
   7.8855000e+02   4.2837838e-01
   7.8865000e+02   4.2927928e-01
   7.8875000e+02   4.3018018e-01
   7.8885000e+02   4.3108108e-01
   7.8895000e+02   4.3198198e-01
   7.8905000e+02   4.3288288e-01
   7.8915000e+02   4.3378378e-01
   7.8925000e+02   4.3468468e-01
   7.8935000e+02   4.3558559e-01
   7.8945000e+02   4.3648649e-01
   7.8955000e+02   4.3738739e-01
   7.8965000e+02   4.3828829e-01
   7.8975000e+02   4.3918919e-01
   7.8985000e+02   4.4009009e-01
   7.8995000e+02   4.4099099e-01
   7.9005000e+02   4.4189189e-01
   7.9015000e+02   4.4279279e-01
   7.9025000e+02   4.4369369e-01
   7.9035000e+02   4.4459459e-01
   7.9045000e+02   4.4549550e-01
   7.9055000e+02   4.4639640e-01
   7.9065000e+02   4.4729730e-01
   7.9075000e+02   4.4819820e-01
   7.9085000e+02   4.4909910e-01
   7.9095000e+02   4.5000000e-01
   7.9105000e+02   4.5090090e-01
   7.9115000e+02   4.5180180e-01
   7.9125000e+02   4.5270270e-01
   7.9135000e+02   4.5360360e-01
   7.9145000e+02   4.5450450e-01
   7.9155000e+02   4.5540541e-01
   7.9165000e+02   4.5630631e-01
   7.9175000e+02   4.5720721e-01
   7.9185000e+02   4.5810811e-01
   7.9195000e+02   4.5900901e-01
   7.9205000e+02   4.5990991e-01
   7.9215000e+02   4.6081081e-01
   7.9225000e+02   4.6171171e-01
   7.9235000e+02   4.6261261e-01
   7.9245000e+02   4.6351351e-01
   7.9255000e+02   4.6441441e-01
   7.9265000e+02   4.6531532e-01
   7.9275000e+02   4.6621622e-01
   7.9285000e+02   4.6711712e-01
   7.9295000e+02   4.6801802e-01
   7.9305000e+02   4.6891892e-01
   7.9315000e+02   4.6981982e-01
   7.9325000e+02   4.7072072e-01
   7.9335000e+02   4.7162162e-01
   7.9345000e+02   4.7252252e-01
   7.9355000e+02   4.7342342e-01
   7.9365000e+02   4.7432432e-01
   7.9375000e+02   4.7522523e-01
   7.9385000e+02   4.7612613e-01
   7.9395000e+02   4.7702703e-01
   7.9405000e+02   4.7792793e-01
   7.9415000e+02   4.7882883e-01
   7.9425000e+02   4.7972973e-01
   7.9435000e+02   4.8063063e-01
   7.9445000e+02   4.8153153e-01
   7.9455000e+02   4.8243243e-01
   7.9465000e+02   4.8333333e-01
   7.9475000e+02   4.8423423e-01
   7.9485000e+02   4.8513514e-01
   7.9495000e+02   4.8603604e-01
   7.9505000e+02   4.8693694e-01
   7.9515000e+02   4.8783784e-01
   7.9525000e+02   4.8873874e-01
   7.9535000e+02   4.8963964e-01
   7.9545000e+02   4.9054054e-01
   7.9555000e+02   4.9144144e-01
   7.9565000e+02   4.9234234e-01
   7.9575000e+02   4.9324324e-01
   7.9585000e+02   4.9414414e-01
   7.9595000e+02   4.9504505e-01
   7.9605000e+02   4.9594595e-01
   7.9615000e+02   4.9684685e-01
   7.9625000e+02   4.9774775e-01
   7.9635000e+02   4.9864865e-01
   7.9645000e+02   4.9954955e-01
   7.9655000e+02   5.0045045e-01
   7.9665000e+02   5.0135135e-01
   7.9675000e+02   5.0225225e-01
   7.9685000e+02   5.0315315e-01
   7.9695000e+02   5.0405405e-01
   7.9705000e+02   5.0495495e-01
   7.9715000e+02   5.0585586e-01
   7.9725000e+02   5.0675676e-01
   7.9735000e+02   5.0765766e-01
   7.9745000e+02   5.0855856e-01
   7.9755000e+02   5.0945946e-01
   7.9765000e+02   5.1036036e-01
   7.9775000e+02   5.1126126e-01
   7.9785000e+02   5.1216216e-01
   7.9795000e+02   5.1306306e-01
   7.9805000e+02   5.1396396e-01
   7.9815000e+02   5.1486486e-01
   7.9825000e+02   5.1576577e-01
   7.9835000e+02   5.1666667e-01
   7.9845000e+02   5.1756757e-01
   7.9855000e+02   5.1846847e-01
   7.9865000e+02   5.1936937e-01
   7.9875000e+02   5.2027027e-01
   7.9885000e+02   5.2117117e-01
   7.9895000e+02   5.2207207e-01
   7.9905000e+02   5.2297297e-01
   7.9915000e+02   5.2387387e-01
   7.9925000e+02   5.2477477e-01
   7.9935000e+02   5.2567568e-01
   7.9945000e+02   5.2657658e-01
   7.9955000e+02   5.2747748e-01
   7.9965000e+02   5.2837838e-01
   7.9975000e+02   5.2927928e-01
   7.9985000e+02   5.3018018e-01
   7.9995000e+02   5.3108108e-01
   8.0005000e+02   5.3198198e-01
   8.0015000e+02   5.3288288e-01
   8.0025000e+02   5.3378378e-01
   8.0035000e+02   5.3468468e-01
   8.0045000e+02   5.3558559e-01
   8.0055000e+02   5.3648649e-01
   8.0065000e+02   5.3738739e-01
   8.0075000e+02   5.3828829e-01
   8.0085000e+02   5.3918919e-01
   8.0095000e+02   5.4009009e-01
   8.0105000e+02   5.4099099e-01
   8.0115000e+02   5.4189189e-01
   8.0125000e+02   5.4279279e-01
   8.0135000e+02   5.4369369e-01
   8.0145000e+02   5.4459459e-01
   8.0155000e+02   5.4549550e-01
   8.0165000e+02   5.4639640e-01
   8.0175000e+02   5.4729730e-01
   8.0185000e+02   5.4819820e-01
   8.0195000e+02   5.4909910e-01
   8.0205000e+02   5.5000000e-01
   8.0215000e+02   5.5090090e-01
   8.0225000e+02   5.5180180e-01
   8.0235000e+02   5.5270270e-01
   8.0245000e+02   5.5360360e-01
   8.0255000e+02   5.5432432e-01
   8.0265000e+02   5.5486486e-01
   8.0275000e+02   5.5540541e-01
   8.0285000e+02   5.5594595e-01
   8.0295000e+02   5.5648649e-01
   8.0305000e+02   5.5702703e-01
   8.0315000e+02   5.5756757e-01
   8.0325000e+02   5.5810811e-01
   8.0335000e+02   5.5864865e-01
   8.0345000e+02   5.5918919e-01
   8.0355000e+02   5.5972973e-01
   8.0365000e+02   5.6027027e-01
   8.0375000e+02   5.6081081e-01
   8.0385000e+02   5.6135135e-01
   8.0395000e+02   5.6189189e-01
   8.0405000e+02   5.6243243e-01
   8.0415000e+02   5.6297297e-01
   8.0425000e+02   5.6351351e-01
   8.0435000e+02   5.6405405e-01
   8.0445000e+02   5.6459459e-01
   8.0455000e+02   5.6513514e-01
   8.0465000e+02   5.6567568e-01
   8.0475000e+02   5.6621622e-01
   8.0485000e+02   5.6675676e-01
   8.0495000e+02   5.6729730e-01
   8.0505000e+02   5.6783784e-01
   8.0515000e+02   5.6837838e-01
   8.0525000e+02   5.6891892e-01
   8.0535000e+02   5.6945946e-01
   8.0545000e+02   5.7000000e-01
   8.0555000e+02   5.7054054e-01
   8.0565000e+02   5.7108108e-01
   8.0575000e+02   5.7162162e-01
   8.0585000e+02   5.7216216e-01
   8.0595000e+02   5.7270270e-01
   8.0605000e+02   5.7324324e-01
   8.0615000e+02   5.7378378e-01
   8.0625000e+02   5.7432432e-01
   8.0635000e+02   5.7486486e-01
   8.0645000e+02   5.7540541e-01
   8.0655000e+02   5.7594595e-01
   8.0665000e+02   5.7648649e-01
   8.0675000e+02   5.7702703e-01
   8.0685000e+02   5.7756757e-01
   8.0695000e+02   5.7810811e-01
   8.0705000e+02   5.7864865e-01
   8.0715000e+02   5.7918919e-01
   8.0725000e+02   5.7972973e-01
   8.0735000e+02   5.8027027e-01
   8.0745000e+02   5.8081081e-01
   8.0755000e+02   5.8135135e-01
   8.0765000e+02   5.8189189e-01
   8.0775000e+02   5.8243243e-01
   8.0785000e+02   5.8297297e-01
   8.0795000e+02   5.8351351e-01
   8.0805000e+02   5.8405405e-01
   8.0815000e+02   5.8459459e-01
   8.0825000e+02   5.8513514e-01
   8.0835000e+02   5.8567568e-01
   8.0845000e+02   5.8621622e-01
   8.0855000e+02   5.8675676e-01
   8.0865000e+02   5.8729730e-01
   8.0875000e+02   5.8783784e-01
   8.0885000e+02   5.8837838e-01
   8.0895000e+02   5.8891892e-01
   8.0905000e+02   5.8945946e-01
   8.0915000e+02   5.9000000e-01
   8.0925000e+02   5.9054054e-01
   8.0935000e+02   5.9108108e-01
   8.0945000e+02   5.9162162e-01
   8.0955000e+02   5.9216216e-01
   8.0965000e+02   5.9270270e-01
   8.0975000e+02   5.9324324e-01
   8.0985000e+02   5.9378378e-01
   8.0995000e+02   5.9432432e-01
   8.1005000e+02   5.9495495e-01
   8.1015000e+02   5.9567568e-01
   8.1025000e+02   5.9639640e-01
   8.1035000e+02   5.9711712e-01
   8.1045000e+02   5.9783784e-01
   8.1055000e+02   5.9855856e-01
   8.1065000e+02   5.9927928e-01
   8.1075000e+02   6.0000000e-01
   8.1085000e+02   6.0072072e-01
   8.1095000e+02   6.0144144e-01
   8.1105000e+02   6.0216216e-01
   8.1115000e+02   6.0288288e-01
   8.1125000e+02   6.0360360e-01
   8.1135000e+02   6.0432432e-01
   8.1145000e+02   6.0504505e-01
   8.1155000e+02   6.0576577e-01
   8.1165000e+02   6.0648649e-01
   8.1175000e+02   6.0720721e-01
   8.1185000e+02   6.0792793e-01
   8.1195000e+02   6.0864865e-01
   8.1205000e+02   6.0936937e-01
   8.1215000e+02   6.1009009e-01
   8.1225000e+02   6.1081081e-01
   8.1235000e+02   6.1153153e-01
   8.1245000e+02   6.1225225e-01
   8.1255000e+02   6.1297297e-01
   8.1265000e+02   6.1369369e-01
   8.1275000e+02   6.1441441e-01
   8.1285000e+02   6.1513514e-01
   8.1295000e+02   6.1585586e-01
   8.1305000e+02   6.1657658e-01
   8.1315000e+02   6.1729730e-01
   8.1325000e+02   6.1801802e-01
   8.1335000e+02   6.1873874e-01
   8.1345000e+02   6.1945946e-01
   8.1355000e+02   6.2018018e-01
   8.1365000e+02   6.2090090e-01
   8.1375000e+02   6.2162162e-01
   8.1385000e+02   6.2234234e-01
   8.1395000e+02   6.2306306e-01
   8.1405000e+02   6.2378378e-01
   8.1415000e+02   6.2450450e-01
   8.1425000e+02   6.2522523e-01
   8.1435000e+02   6.2594595e-01
   8.1445000e+02   6.2666667e-01
   8.1455000e+02   6.2738739e-01
   8.1465000e+02   6.2810811e-01
   8.1475000e+02   6.2882883e-01
   8.1485000e+02   6.2954955e-01
   8.1495000e+02   6.3027027e-01
   8.1505000e+02   6.3099099e-01
   8.1515000e+02   6.3171171e-01
   8.1525000e+02   6.3243243e-01
   8.1535000e+02   6.3315315e-01
   8.1545000e+02   6.3387387e-01
   8.1555000e+02   6.3459459e-01
   8.1565000e+02   6.3531532e-01
   8.1575000e+02   6.3603604e-01
   8.1585000e+02   6.3675676e-01
   8.1595000e+02   6.3747748e-01
   8.1605000e+02   6.3819820e-01
   8.1615000e+02   6.3891892e-01
   8.1625000e+02   6.3963964e-01
   8.1635000e+02   6.4036036e-01
   8.1645000e+02   6.4108108e-01
   8.1655000e+02   6.4180180e-01
   8.1665000e+02   6.4252252e-01
   8.1675000e+02   6.4324324e-01
   8.1685000e+02   6.4396396e-01
   8.1695000e+02   6.4468468e-01
   8.1705000e+02   6.4540541e-01
   8.1715000e+02   6.4612613e-01
   8.1725000e+02   6.4684685e-01
   8.1735000e+02   6.4756757e-01
   8.1745000e+02   6.4828829e-01
   8.1755000e+02   6.4900901e-01
   8.1765000e+02   6.4972973e-01
   8.1775000e+02   6.5045045e-01
   8.1785000e+02   6.5117117e-01
   8.1795000e+02   6.5189189e-01
   8.1805000e+02   6.5261261e-01
   8.1815000e+02   6.5333333e-01
   8.1825000e+02   6.5405405e-01
   8.1835000e+02   6.5477477e-01
   8.1845000e+02   6.5549550e-01
   8.1855000e+02   6.5621622e-01
   8.1865000e+02   6.5693694e-01
   8.1875000e+02   6.5765766e-01
   8.1885000e+02   6.5837838e-01
   8.1895000e+02   6.5909910e-01
   8.1905000e+02   6.5981982e-01
   8.1915000e+02   6.6054054e-01
   8.1925000e+02   6.6126126e-01
   8.1935000e+02   6.6198198e-01
   8.1945000e+02   6.6270270e-01
   8.1955000e+02   6.6342342e-01
   8.1965000e+02   6.6414414e-01
   8.1975000e+02   6.6486486e-01
   8.1985000e+02   6.6558559e-01
   8.1995000e+02   6.6630631e-01
   8.2005000e+02   6.6702703e-01
   8.2015000e+02   6.6774775e-01
   8.2025000e+02   6.6846847e-01
   8.2035000e+02   6.6918919e-01
   8.2045000e+02   6.6990991e-01
   8.2055000e+02   6.7063063e-01
   8.2065000e+02   6.7135135e-01
   8.2075000e+02   6.7207207e-01
   8.2085000e+02   6.7279279e-01
   8.2095000e+02   6.7351351e-01
   8.2105000e+02   6.7423423e-01
   8.2115000e+02   6.7495495e-01
   8.2125000e+02   6.7567568e-01
   8.2135000e+02   6.7639640e-01
   8.2145000e+02   6.7711712e-01
   8.2155000e+02   6.7783784e-01
   8.2165000e+02   6.7855856e-01
   8.2175000e+02   6.7927928e-01
   8.2185000e+02   6.8000000e-01
   8.2195000e+02   6.8072072e-01
   8.2205000e+02   6.8144144e-01
   8.2215000e+02   6.8216216e-01
   8.2225000e+02   6.8288288e-01
   8.2235000e+02   6.8360360e-01
   8.2245000e+02   6.8432432e-01
   8.2255000e+02   6.8504505e-01
   8.2265000e+02   6.8576577e-01
   8.2275000e+02   6.8648649e-01
   8.2285000e+02   6.8720721e-01
   8.2295000e+02   6.8792793e-01
   8.2305000e+02   6.8864865e-01
   8.2315000e+02   6.8936937e-01
   8.2325000e+02   6.9009009e-01
   8.2335000e+02   6.9081081e-01
   8.2345000e+02   6.9153153e-01
   8.2355000e+02   6.9225225e-01
   8.2365000e+02   6.9297297e-01
   8.2375000e+02   6.9369369e-01
   8.2385000e+02   6.9441441e-01
   8.2395000e+02   6.9513514e-01
   8.2405000e+02   6.9585586e-01
   8.2415000e+02   6.9657658e-01
   8.2425000e+02   6.9729730e-01
   8.2435000e+02   6.9801802e-01
   8.2445000e+02   6.9873874e-01
   8.2455000e+02   6.9945946e-01
   8.2465000e+02   7.0018018e-01
   8.2475000e+02   7.0090090e-01
   8.2485000e+02   7.0162162e-01
   8.2495000e+02   7.0234234e-01
   8.2505000e+02   7.0290090e-01
   8.2515000e+02   7.0329730e-01
   8.2525000e+02   7.0369369e-01
   8.2535000e+02   7.0409009e-01
   8.2545000e+02   7.0448649e-01
   8.2555000e+02   7.0488288e-01
   8.2565000e+02   7.0527928e-01
   8.2575000e+02   7.0567568e-01
   8.2585000e+02   7.0607207e-01
   8.2595000e+02   7.0646847e-01
   8.2605000e+02   7.0686486e-01
   8.2615000e+02   7.0726126e-01
   8.2625000e+02   7.0765766e-01
   8.2635000e+02   7.0805405e-01
   8.2645000e+02   7.0845045e-01
   8.2655000e+02   7.0884685e-01
   8.2665000e+02   7.0924324e-01
   8.2675000e+02   7.0963964e-01
   8.2685000e+02   7.1003604e-01
   8.2695000e+02   7.1043243e-01
   8.2705000e+02   7.1082883e-01
   8.2715000e+02   7.1122523e-01
   8.2725000e+02   7.1162162e-01
   8.2735000e+02   7.1201802e-01
   8.2745000e+02   7.1241441e-01
   8.2755000e+02   7.1281081e-01
   8.2765000e+02   7.1320721e-01
   8.2775000e+02   7.1360360e-01
   8.2785000e+02   7.1400000e-01
   8.2795000e+02   7.1439640e-01
   8.2805000e+02   7.1479279e-01
   8.2815000e+02   7.1518919e-01
   8.2825000e+02   7.1558559e-01
   8.2835000e+02   7.1598198e-01
   8.2845000e+02   7.1637838e-01
   8.2855000e+02   7.1677477e-01
   8.2865000e+02   7.1717117e-01
   8.2875000e+02   7.1756757e-01
   8.2885000e+02   7.1796396e-01
   8.2895000e+02   7.1836036e-01
   8.2905000e+02   7.1875676e-01
   8.2915000e+02   7.1915315e-01
   8.2925000e+02   7.1954955e-01
   8.2935000e+02   7.1994595e-01
   8.2945000e+02   7.2034234e-01
   8.2955000e+02   7.2073874e-01
   8.2965000e+02   7.2113514e-01
   8.2975000e+02   7.2153153e-01
   8.2985000e+02   7.2192793e-01
   8.2995000e+02   7.2232432e-01
   8.3005000e+02   7.2272072e-01
   8.3015000e+02   7.2311712e-01
   8.3025000e+02   7.2351351e-01
   8.3035000e+02   7.2390991e-01
   8.3045000e+02   7.2430631e-01
   8.3055000e+02   7.2470270e-01
   8.3065000e+02   7.2509910e-01
   8.3075000e+02   7.2549550e-01
   8.3085000e+02   7.2589189e-01
   8.3095000e+02   7.2628829e-01
   8.3105000e+02   7.2668468e-01
   8.3115000e+02   7.2708108e-01
   8.3125000e+02   7.2747748e-01
   8.3135000e+02   7.2787387e-01
   8.3145000e+02   7.2827027e-01
   8.3155000e+02   7.2866667e-01
   8.3165000e+02   7.2906306e-01
   8.3175000e+02   7.2945946e-01
   8.3185000e+02   7.2985586e-01
   8.3195000e+02   7.3025225e-01
   8.3205000e+02   7.3064865e-01
   8.3215000e+02   7.3104505e-01
   8.3225000e+02   7.3144144e-01
   8.3235000e+02   7.3183784e-01
   8.3245000e+02   7.3223423e-01
   8.3255000e+02   7.3263063e-01
   8.3265000e+02   7.3302703e-01
   8.3275000e+02   7.3342342e-01
   8.3285000e+02   7.3381982e-01
   8.3295000e+02   7.3421622e-01
   8.3305000e+02   7.3461261e-01
   8.3315000e+02   7.3500901e-01
   8.3325000e+02   7.3540541e-01
   8.3335000e+02   7.3580180e-01
   8.3345000e+02   7.3619820e-01
   8.3355000e+02   7.3659459e-01
   8.3365000e+02   7.3699099e-01
   8.3375000e+02   7.3738739e-01
   8.3385000e+02   7.3778378e-01
   8.3395000e+02   7.3818018e-01
   8.3405000e+02   7.3857658e-01
   8.3415000e+02   7.3897297e-01
   8.3425000e+02   7.3936937e-01
   8.3435000e+02   7.3976577e-01
   8.3445000e+02   7.4016216e-01
   8.3455000e+02   7.4055856e-01
   8.3465000e+02   7.4095495e-01
   8.3475000e+02   7.4135135e-01
   8.3485000e+02   7.4174775e-01
   8.3495000e+02   7.4214414e-01
   8.3505000e+02   7.4254054e-01
   8.3515000e+02   7.4293694e-01
   8.3525000e+02   7.4333333e-01
   8.3535000e+02   7.4372973e-01
   8.3545000e+02   7.4412613e-01
   8.3555000e+02   7.4452252e-01
   8.3565000e+02   7.4491892e-01
   8.3575000e+02   7.4531532e-01
   8.3585000e+02   7.4571171e-01
   8.3595000e+02   7.4610811e-01
   8.3605000e+02   7.4650450e-01
   8.3615000e+02   7.4690090e-01
   8.3625000e+02   7.4729730e-01
   8.3635000e+02   7.4769369e-01
   8.3645000e+02   7.4809009e-01
   8.3655000e+02   7.4848649e-01
   8.3665000e+02   7.4888288e-01
   8.3675000e+02   7.4927928e-01
   8.3685000e+02   7.4967568e-01
   8.3695000e+02   7.5007207e-01
   8.3705000e+02   7.5046847e-01
   8.3715000e+02   7.5086486e-01
   8.3725000e+02   7.5126126e-01
   8.3735000e+02   7.5165766e-01
   8.3745000e+02   7.5205405e-01
   8.3755000e+02   7.5245045e-01
   8.3765000e+02   7.5284685e-01
   8.3775000e+02   7.5324324e-01
   8.3785000e+02   7.5363964e-01
   8.3795000e+02   7.5403604e-01
   8.3805000e+02   7.5443243e-01
   8.3815000e+02   7.5482883e-01
   8.3825000e+02   7.5522523e-01
   8.3835000e+02   7.5562162e-01
   8.3845000e+02   7.5601802e-01
   8.3855000e+02   7.5641441e-01
   8.3865000e+02   7.5681081e-01
   8.3875000e+02   7.5720721e-01
   8.3885000e+02   7.5760360e-01
   8.3895000e+02   7.5800000e-01
   8.3905000e+02   7.5839640e-01
   8.3915000e+02   7.5879279e-01
   8.3925000e+02   7.5918919e-01
   8.3935000e+02   7.5958559e-01
   8.3945000e+02   7.5998198e-01
   8.3955000e+02   7.6037838e-01
   8.3965000e+02   7.6077477e-01
   8.3975000e+02   7.6117117e-01
   8.3985000e+02   7.6156757e-01
   8.3995000e+02   7.6196396e-01
   8.4005000e+02   7.6236036e-01
   8.4015000e+02   7.6275676e-01
   8.4025000e+02   7.6315315e-01
   8.4035000e+02   7.6354955e-01
   8.4045000e+02   7.6394595e-01
   8.4055000e+02   7.6434234e-01
   8.4065000e+02   7.6473874e-01
   8.4075000e+02   7.6513514e-01
   8.4085000e+02   7.6553153e-01
   8.4095000e+02   7.6592793e-01
   8.4105000e+02   7.6632432e-01
   8.4115000e+02   7.6672072e-01
   8.4125000e+02   7.6711712e-01
   8.4135000e+02   7.6751351e-01
   8.4145000e+02   7.6790991e-01
   8.4155000e+02   7.6830631e-01
   8.4165000e+02   7.6870270e-01
   8.4175000e+02   7.6909910e-01
   8.4185000e+02   7.6949550e-01
   8.4195000e+02   7.6989189e-01
   8.4205000e+02   7.7028829e-01
   8.4215000e+02   7.7068468e-01
   8.4225000e+02   7.7108108e-01
   8.4235000e+02   7.7147748e-01
   8.4245000e+02   7.7187387e-01
   8.4255000e+02   7.7227027e-01
   8.4265000e+02   7.7266667e-01
   8.4275000e+02   7.7306306e-01
   8.4285000e+02   7.7345946e-01
   8.4295000e+02   7.7385586e-01
   8.4305000e+02   7.7425225e-01
   8.4315000e+02   7.7464865e-01
   8.4325000e+02   7.7504505e-01
   8.4335000e+02   7.7544144e-01
   8.4345000e+02   7.7583784e-01
   8.4355000e+02   7.7623423e-01
   8.4365000e+02   7.7663063e-01
   8.4375000e+02   7.7702703e-01
   8.4385000e+02   7.7742342e-01
   8.4395000e+02   7.7781982e-01
   8.4405000e+02   7.7821622e-01
   8.4415000e+02   7.7861261e-01
   8.4425000e+02   7.7900901e-01
   8.4435000e+02   7.7940541e-01
   8.4445000e+02   7.7980180e-01
   8.4455000e+02   7.8019820e-01
   8.4465000e+02   7.8059459e-01
   8.4475000e+02   7.8099099e-01
   8.4485000e+02   7.8138739e-01
   8.4495000e+02   7.8178378e-01
   8.4505000e+02   7.8218018e-01
   8.4515000e+02   7.8257658e-01
   8.4525000e+02   7.8297297e-01
   8.4535000e+02   7.8336937e-01
   8.4545000e+02   7.8376577e-01
   8.4555000e+02   7.8416216e-01
   8.4565000e+02   7.8455856e-01
   8.4575000e+02   7.8495495e-01
   8.4585000e+02   7.8535135e-01
   8.4595000e+02   7.8574775e-01
   8.4605000e+02   7.8614414e-01
   8.4615000e+02   7.8654054e-01
   8.4625000e+02   7.8693694e-01
   8.4635000e+02   7.8733333e-01
   8.4645000e+02   7.8772973e-01
   8.4655000e+02   7.8812613e-01
   8.4665000e+02   7.8852252e-01
   8.4675000e+02   7.8891892e-01
   8.4685000e+02   7.8931532e-01
   8.4695000e+02   7.8971171e-01
   8.4705000e+02   7.9010811e-01
   8.4715000e+02   7.9050450e-01
   8.4725000e+02   7.9090090e-01
   8.4735000e+02   7.9129730e-01
   8.4745000e+02   7.9169369e-01
   8.4755000e+02   7.9209009e-01
   8.4765000e+02   7.9248649e-01
   8.4775000e+02   7.9288288e-01
   8.4785000e+02   7.9327928e-01
   8.4795000e+02   7.9367568e-01
   8.4805000e+02   7.9407207e-01
   8.4815000e+02   7.9446847e-01
   8.4825000e+02   7.9486486e-01
   8.4835000e+02   7.9526126e-01
   8.4845000e+02   7.9565766e-01
   8.4855000e+02   7.9605405e-01
   8.4865000e+02   7.9645045e-01
   8.4875000e+02   7.9684685e-01
   8.4885000e+02   7.9724324e-01
   8.4895000e+02   7.9763964e-01
   8.4905000e+02   7.9803604e-01
   8.4915000e+02   7.9843243e-01
   8.4925000e+02   7.9882883e-01
   8.4935000e+02   7.9922523e-01
   8.4945000e+02   7.9962162e-01
   8.4955000e+02   8.0001802e-01
   8.4965000e+02   8.0041441e-01
   8.4975000e+02   8.0081081e-01
   8.4985000e+02   8.0120721e-01
   8.4995000e+02   8.0160360e-01
   8.5005000e+02   8.0200000e-01
   8.5015000e+02   8.0239640e-01
   8.5025000e+02   8.0279279e-01
   8.5035000e+02   8.0318919e-01
   8.5045000e+02   8.0358559e-01
   8.5055000e+02   8.0398198e-01
   8.5065000e+02   8.0437838e-01
   8.5075000e+02   8.0477477e-01
   8.5085000e+02   8.0517117e-01
   8.5095000e+02   8.0556757e-01
   8.5105000e+02   8.0596396e-01
   8.5115000e+02   8.0636036e-01
   8.5125000e+02   8.0675676e-01
   8.5135000e+02   8.0715315e-01
   8.5145000e+02   8.0754955e-01
   8.5155000e+02   8.0794595e-01
   8.5165000e+02   8.0834234e-01
   8.5175000e+02   8.0873874e-01
   8.5185000e+02   8.0913514e-01
   8.5195000e+02   8.0953153e-01
   8.5205000e+02   8.0992793e-01
   8.5215000e+02   8.1032432e-01
   8.5225000e+02   8.1072072e-01
   8.5235000e+02   8.1111712e-01
   8.5245000e+02   8.1151351e-01
   8.5255000e+02   8.1190991e-01
   8.5265000e+02   8.1230631e-01
   8.5275000e+02   8.1270270e-01
   8.5285000e+02   8.1309910e-01
   8.5295000e+02   8.1349550e-01
   8.5305000e+02   8.1389189e-01
   8.5315000e+02   8.1428829e-01
   8.5325000e+02   8.1468468e-01
   8.5335000e+02   8.1508108e-01
   8.5345000e+02   8.1547748e-01
   8.5355000e+02   8.1587387e-01
   8.5365000e+02   8.1627027e-01
   8.5375000e+02   8.1666667e-01
   8.5385000e+02   8.1706306e-01
   8.5395000e+02   8.1745946e-01
   8.5405000e+02   8.1785586e-01
   8.5415000e+02   8.1825225e-01
   8.5425000e+02   8.1864865e-01
   8.5435000e+02   8.1904505e-01
   8.5445000e+02   8.1944144e-01
   8.5455000e+02   8.1983784e-01
   8.5465000e+02   8.2023423e-01
   8.5475000e+02   8.2063063e-01
   8.5485000e+02   8.2102703e-01
   8.5495000e+02   8.2142342e-01
   8.5505000e+02   8.2181982e-01
   8.5515000e+02   8.2221622e-01
   8.5525000e+02   8.2261261e-01
   8.5535000e+02   8.2300901e-01
   8.5545000e+02   8.2340541e-01
   8.5555000e+02   8.2380180e-01
   8.5565000e+02   8.2419820e-01
   8.5575000e+02   8.2459459e-01
   8.5585000e+02   8.2499099e-01
   8.5595000e+02   8.2538739e-01
   8.5605000e+02   8.2578378e-01
   8.5615000e+02   8.2618018e-01
   8.5625000e+02   8.2657658e-01
   8.5635000e+02   8.2697297e-01
   8.5645000e+02   8.2736937e-01
   8.5655000e+02   8.2776577e-01
   8.5665000e+02   8.2816216e-01
   8.5675000e+02   8.2855856e-01
   8.5685000e+02   8.2895495e-01
   8.5695000e+02   8.2935135e-01
   8.5705000e+02   8.2974775e-01
   8.5715000e+02   8.3014414e-01
   8.5725000e+02   8.3054054e-01
   8.5735000e+02   8.3093694e-01
   8.5745000e+02   8.3133333e-01
   8.5755000e+02   8.3172973e-01
   8.5765000e+02   8.3212613e-01
   8.5775000e+02   8.3252252e-01
   8.5785000e+02   8.3291892e-01
   8.5795000e+02   8.3331532e-01
   8.5805000e+02   8.3371171e-01
   8.5815000e+02   8.3410811e-01
   8.5825000e+02   8.3450450e-01
   8.5835000e+02   8.3490090e-01
   8.5845000e+02   8.3529730e-01
   8.5855000e+02   8.3569369e-01
   8.5865000e+02   8.3609009e-01
   8.5875000e+02   8.3648649e-01
   8.5885000e+02   8.3688288e-01
   8.5895000e+02   8.3727928e-01
   8.5905000e+02   8.3767568e-01
   8.5915000e+02   8.3807207e-01
   8.5925000e+02   8.3846847e-01
   8.5935000e+02   8.3886486e-01
   8.5945000e+02   8.3926126e-01
   8.5955000e+02   8.3965766e-01
   8.5965000e+02   8.4005405e-01
   8.5975000e+02   8.4045045e-01
   8.5985000e+02   8.4084685e-01
   8.5995000e+02   8.4124324e-01
   8.6005000e+02   8.4163964e-01
   8.6015000e+02   8.4203604e-01
   8.6025000e+02   8.4243243e-01
   8.6035000e+02   8.4282883e-01
   8.6045000e+02   8.4322523e-01
   8.6055000e+02   8.4362162e-01
   8.6065000e+02   8.4401802e-01
   8.6075000e+02   8.4441441e-01
   8.6085000e+02   8.4481081e-01
   8.6095000e+02   8.4520721e-01
   8.6105000e+02   8.4560360e-01
   8.6115000e+02   8.4600000e-01
   8.6125000e+02   8.4639640e-01
   8.6135000e+02   8.4679279e-01
   8.6145000e+02   8.4718919e-01
   8.6155000e+02   8.4758559e-01
   8.6165000e+02   8.4798198e-01
   8.6175000e+02   8.4837838e-01
   8.6185000e+02   8.4877477e-01
   8.6195000e+02   8.4917117e-01
   8.6205000e+02   8.4956757e-01
   8.6215000e+02   8.4996396e-01
   8.6225000e+02   8.5036036e-01
   8.6235000e+02   8.5075676e-01
   8.6245000e+02   8.5115315e-01
   8.6255000e+02   8.5154955e-01
   8.6265000e+02   8.5194595e-01
   8.6275000e+02   8.5234234e-01
   8.6285000e+02   8.5273874e-01
   8.6295000e+02   8.5313514e-01
   8.6305000e+02   8.5353153e-01
   8.6315000e+02   8.5392793e-01
   8.6325000e+02   8.5432432e-01
   8.6335000e+02   8.5472072e-01
   8.6345000e+02   8.5511712e-01
   8.6355000e+02   8.5551351e-01
   8.6365000e+02   8.5590991e-01
   8.6375000e+02   8.5630631e-01
   8.6385000e+02   8.5670270e-01
   8.6395000e+02   8.5709910e-01
   8.6405000e+02   8.5749550e-01
   8.6415000e+02   8.5789189e-01
   8.6425000e+02   8.5828829e-01
   8.6435000e+02   8.5868468e-01
   8.6445000e+02   8.5908108e-01
   8.6455000e+02   8.5947748e-01
   8.6465000e+02   8.5987387e-01
   8.6475000e+02   8.6027027e-01
   8.6485000e+02   8.6066667e-01
   8.6495000e+02   8.6106306e-01
   8.6505000e+02   8.6145946e-01
   8.6515000e+02   8.6185586e-01
   8.6525000e+02   8.6225225e-01
   8.6535000e+02   8.6264865e-01
   8.6545000e+02   8.6304505e-01
   8.6555000e+02   8.6344144e-01
   8.6565000e+02   8.6383784e-01
   8.6575000e+02   8.6423423e-01
   8.6585000e+02   8.6463063e-01
   8.6595000e+02   8.6502703e-01
   8.6605000e+02   8.6542342e-01
   8.6615000e+02   8.6581982e-01
   8.6625000e+02   8.6621622e-01
   8.6635000e+02   8.6661261e-01
   8.6645000e+02   8.6700901e-01
   8.6655000e+02   8.6740541e-01
   8.6665000e+02   8.6780180e-01
   8.6675000e+02   8.6819820e-01
   8.6685000e+02   8.6859459e-01
   8.6695000e+02   8.6899099e-01
   8.6705000e+02   8.6938739e-01
   8.6715000e+02   8.6978378e-01
   8.6725000e+02   8.7018018e-01
   8.6735000e+02   8.7057658e-01
   8.6745000e+02   8.7097297e-01
   8.6755000e+02   8.7136937e-01
   8.6765000e+02   8.7176577e-01
   8.6775000e+02   8.7216216e-01
   8.6785000e+02   8.7255856e-01
   8.6795000e+02   8.7295495e-01
   8.6805000e+02   8.7335135e-01
   8.6815000e+02   8.7374775e-01
   8.6825000e+02   8.7414414e-01
   8.6835000e+02   8.7454054e-01
   8.6845000e+02   8.7493694e-01
   8.6855000e+02   8.7533333e-01
   8.6865000e+02   8.7572973e-01
   8.6875000e+02   8.7612613e-01
   8.6885000e+02   8.7652252e-01
   8.6895000e+02   8.7691892e-01
   8.6905000e+02   8.7731532e-01
   8.6915000e+02   8.7771171e-01
   8.6925000e+02   8.7810811e-01
   8.6935000e+02   8.7850450e-01
   8.6945000e+02   8.7890090e-01
   8.6955000e+02   8.7929730e-01
   8.6965000e+02   8.7969369e-01
   8.6975000e+02   8.8009009e-01
   8.6985000e+02   8.8048649e-01
   8.6995000e+02   8.8088288e-01
   8.7005000e+02   8.8127928e-01
   8.7015000e+02   8.8167568e-01
   8.7025000e+02   8.8207207e-01
   8.7035000e+02   8.8246847e-01
   8.7045000e+02   8.8286486e-01
   8.7055000e+02   8.8326126e-01
   8.7065000e+02   8.8365766e-01
   8.7075000e+02   8.8405405e-01
   8.7085000e+02   8.8445045e-01
   8.7095000e+02   8.8484685e-01
   8.7105000e+02   8.8524324e-01
   8.7115000e+02   8.8563964e-01
   8.7125000e+02   8.8603604e-01
   8.7135000e+02   8.8643243e-01
   8.7145000e+02   8.8682883e-01
   8.7155000e+02   8.8722523e-01
   8.7165000e+02   8.8762162e-01
   8.7175000e+02   8.8801802e-01
   8.7185000e+02   8.8841441e-01
   8.7195000e+02   8.8881081e-01
   8.7205000e+02   8.8920721e-01
   8.7215000e+02   8.8960360e-01
   8.7225000e+02   8.9000000e-01
   8.7235000e+02   8.9039640e-01
   8.7245000e+02   8.9079279e-01
   8.7255000e+02   8.9118919e-01
   8.7265000e+02   8.9158559e-01
   8.7275000e+02   8.9198198e-01
   8.7285000e+02   8.9237838e-01
   8.7295000e+02   8.9277477e-01
   8.7305000e+02   8.9317117e-01
   8.7315000e+02   8.9356757e-01
   8.7325000e+02   8.9396396e-01
   8.7335000e+02   8.9436036e-01
   8.7345000e+02   8.9475676e-01
   8.7355000e+02   8.9515315e-01
   8.7365000e+02   8.9554955e-01
   8.7375000e+02   8.9594595e-01
   8.7385000e+02   8.9634234e-01
   8.7395000e+02   8.9673874e-01
   8.7405000e+02   8.9713514e-01
   8.7415000e+02   8.9753153e-01
   8.7425000e+02   8.9792793e-01
   8.7435000e+02   8.9832432e-01
   8.7445000e+02   8.9872072e-01
   8.7455000e+02   8.9911712e-01
   8.7465000e+02   8.9951351e-01
   8.7475000e+02   8.9990991e-01
   8.7485000e+02   9.0030631e-01
   8.7495000e+02   9.0070270e-01
   8.7505000e+02   9.0109910e-01
   8.7515000e+02   9.0149550e-01
   8.7525000e+02   9.0189189e-01
   8.7535000e+02   9.0228829e-01
   8.7545000e+02   9.0268468e-01
   8.7555000e+02   9.0308108e-01
   8.7565000e+02   9.0347748e-01
   8.7575000e+02   9.0387387e-01
   8.7585000e+02   9.0427027e-01
   8.7595000e+02   9.0466667e-01
   8.7605000e+02   9.0506306e-01
   8.7615000e+02   9.0545946e-01
   8.7625000e+02   9.0585586e-01
   8.7635000e+02   9.0625225e-01
   8.7645000e+02   9.0664865e-01
   8.7655000e+02   9.0704505e-01
   8.7665000e+02   9.0744144e-01
   8.7675000e+02   9.0783784e-01
   8.7685000e+02   9.0823423e-01
   8.7695000e+02   9.0863063e-01
   8.7705000e+02   9.0902703e-01
   8.7715000e+02   9.0942342e-01
   8.7725000e+02   9.0981982e-01
   8.7735000e+02   9.1021622e-01
   8.7745000e+02   9.1061261e-01
   8.7755000e+02   9.1100901e-01
   8.7765000e+02   9.1140541e-01
   8.7775000e+02   9.1180180e-01
   8.7785000e+02   9.1219820e-01
   8.7795000e+02   9.1259459e-01
   8.7805000e+02   9.1299099e-01
   8.7815000e+02   9.1338739e-01
   8.7825000e+02   9.1378378e-01
   8.7835000e+02   9.1418018e-01
   8.7845000e+02   9.1457658e-01
   8.7855000e+02   9.1497297e-01
   8.7865000e+02   9.1536937e-01
   8.7875000e+02   9.1576577e-01
   8.7885000e+02   9.1616216e-01
   8.7895000e+02   9.1655856e-01
   8.7905000e+02   9.1695495e-01
   8.7915000e+02   9.1735135e-01
   8.7925000e+02   9.1774775e-01
   8.7935000e+02   9.1814414e-01
   8.7945000e+02   9.1854054e-01
   8.7955000e+02   9.1893694e-01
   8.7965000e+02   9.1933333e-01
   8.7975000e+02   9.1972973e-01
   8.7985000e+02   9.2012613e-01
   8.7995000e+02   9.2052252e-01
   8.8005000e+02   9.2091892e-01
   8.8015000e+02   9.2131532e-01
   8.8025000e+02   9.2171171e-01
   8.8035000e+02   9.2210811e-01
   8.8045000e+02   9.2250450e-01
   8.8055000e+02   9.2290090e-01
   8.8065000e+02   9.2329730e-01
   8.8075000e+02   9.2369369e-01
   8.8085000e+02   9.2409009e-01
   8.8095000e+02   9.2448649e-01
   8.8105000e+02   9.2488288e-01
   8.8115000e+02   9.2527928e-01
   8.8125000e+02   9.2567568e-01
   8.8135000e+02   9.2607207e-01
   8.8145000e+02   9.2646847e-01
   8.8155000e+02   9.2686486e-01
   8.8165000e+02   9.2726126e-01
   8.8175000e+02   9.2765766e-01
   8.8185000e+02   9.2805405e-01
   8.8195000e+02   9.2845045e-01
   8.8205000e+02   9.2884685e-01
   8.8215000e+02   9.2924324e-01
   8.8225000e+02   9.2963964e-01
   8.8235000e+02   9.3003604e-01
   8.8245000e+02   9.3043243e-01
   8.8255000e+02   9.3082883e-01
   8.8265000e+02   9.3122523e-01
   8.8275000e+02   9.3162162e-01
   8.8285000e+02   9.3201802e-01
   8.8295000e+02   9.3241441e-01
   8.8305000e+02   9.3281081e-01
   8.8315000e+02   9.3320721e-01
   8.8325000e+02   9.3360360e-01
   8.8335000e+02   9.3400000e-01
   8.8345000e+02   9.3439640e-01
   8.8355000e+02   9.3479279e-01
   8.8365000e+02   9.3518919e-01
   8.8375000e+02   9.3558559e-01
   8.8385000e+02   9.3598198e-01
   8.8395000e+02   9.3637838e-01
   8.8405000e+02   9.3677477e-01
   8.8415000e+02   9.3717117e-01
   8.8425000e+02   9.3756757e-01
   8.8435000e+02   9.3796396e-01
   8.8445000e+02   9.3836036e-01
   8.8455000e+02   9.3875676e-01
   8.8465000e+02   9.3915315e-01
   8.8475000e+02   9.3954955e-01
   8.8485000e+02   9.3994595e-01
   8.8495000e+02   9.4034234e-01
   8.8505000e+02   9.4073874e-01
   8.8515000e+02   9.4113514e-01
   8.8525000e+02   9.4153153e-01
   8.8535000e+02   9.4192793e-01
   8.8545000e+02   9.4232432e-01
   8.8555000e+02   9.4272072e-01
   8.8565000e+02   9.4311712e-01
   8.8575000e+02   9.4351351e-01
   8.8585000e+02   9.4390991e-01
   8.8595000e+02   9.4430631e-01
   8.8605000e+02   9.4470270e-01
   8.8615000e+02   9.4509910e-01
   8.8625000e+02   9.4549550e-01
   8.8635000e+02   9.4589189e-01
   8.8645000e+02   9.4628829e-01
   8.8655000e+02   9.4668468e-01
   8.8665000e+02   9.4708108e-01
   8.8675000e+02   9.4747748e-01
   8.8685000e+02   9.4787387e-01
   8.8695000e+02   9.4827027e-01
   8.8705000e+02   9.4866667e-01
   8.8715000e+02   9.4906306e-01
   8.8725000e+02   9.4945946e-01
   8.8735000e+02   9.4985586e-01
   8.8745000e+02   9.5025225e-01
   8.8755000e+02   9.5064865e-01
   8.8765000e+02   9.5104505e-01
   8.8775000e+02   9.5144144e-01
   8.8785000e+02   9.5183784e-01
   8.8795000e+02   9.5223423e-01
   8.8805000e+02   9.5263063e-01
   8.8815000e+02   9.5302703e-01
   8.8825000e+02   9.5342342e-01
   8.8835000e+02   9.5381982e-01
   8.8845000e+02   9.5421622e-01
   8.8855000e+02   9.5461261e-01
   8.8865000e+02   9.5500901e-01
   8.8875000e+02   9.5540541e-01
   8.8885000e+02   9.5580180e-01
   8.8895000e+02   9.5619820e-01
   8.8905000e+02   9.5659459e-01
   8.8915000e+02   9.5699099e-01
   8.8925000e+02   9.5738739e-01
   8.8935000e+02   9.5778378e-01
   8.8945000e+02   9.5818018e-01
   8.8955000e+02   9.5857658e-01
   8.8965000e+02   9.5897297e-01
   8.8975000e+02   9.5936937e-01
   8.8985000e+02   9.5976577e-01
   8.8995000e+02   9.6016216e-01
   8.9005000e+02   9.6055856e-01
   8.9015000e+02   9.6095495e-01
   8.9025000e+02   9.6135135e-01
   8.9035000e+02   9.6174775e-01
   8.9045000e+02   9.6214414e-01
   8.9055000e+02   9.6254054e-01
   8.9065000e+02   9.6293694e-01
   8.9075000e+02   9.6333333e-01
   8.9085000e+02   9.6372973e-01
   8.9095000e+02   9.6412613e-01
   8.9105000e+02   9.6452252e-01
   8.9115000e+02   9.6491892e-01
   8.9125000e+02   9.6531532e-01
   8.9135000e+02   9.6571171e-01
   8.9145000e+02   9.6610811e-01
   8.9155000e+02   9.6650450e-01
   8.9165000e+02   9.6690090e-01
   8.9175000e+02   9.6729730e-01
   8.9185000e+02   9.6769369e-01
   8.9195000e+02   9.6809009e-01
   8.9205000e+02   9.6848649e-01
   8.9215000e+02   9.6888288e-01
   8.9225000e+02   9.6927928e-01
   8.9235000e+02   9.6967568e-01
   8.9245000e+02   9.7007207e-01
   8.9255000e+02   9.7046847e-01
   8.9265000e+02   9.7086486e-01
   8.9275000e+02   9.7126126e-01
   8.9285000e+02   9.7165766e-01
   8.9295000e+02   9.7205405e-01
   8.9305000e+02   9.7245045e-01
   8.9315000e+02   9.7284685e-01
   8.9325000e+02   9.7324324e-01
   8.9335000e+02   9.7363964e-01
   8.9345000e+02   9.7403604e-01
   8.9355000e+02   9.7443243e-01
   8.9365000e+02   9.7482883e-01
   8.9375000e+02   9.7522523e-01
   8.9385000e+02   9.7562162e-01
   8.9395000e+02   9.7601802e-01
   8.9405000e+02   9.7641441e-01
   8.9415000e+02   9.7681081e-01
   8.9425000e+02   9.7720721e-01
   8.9435000e+02   9.7760360e-01
   8.9445000e+02   9.7800000e-01
   8.9455000e+02   9.7839640e-01
   8.9465000e+02   9.7879279e-01
   8.9475000e+02   9.7918919e-01
   8.9485000e+02   9.7958559e-01
   8.9495000e+02   9.7998198e-01
   8.9505000e+02   9.8037838e-01
   8.9515000e+02   9.8077477e-01
   8.9525000e+02   9.8117117e-01
   8.9535000e+02   9.8156757e-01
   8.9545000e+02   9.8196396e-01
   8.9555000e+02   9.8236036e-01
   8.9565000e+02   9.8275676e-01
   8.9575000e+02   9.8315315e-01
   8.9585000e+02   9.8354955e-01
   8.9595000e+02   9.8394595e-01
   8.9605000e+02   9.8434234e-01
   8.9615000e+02   9.8473874e-01
   8.9625000e+02   9.8513514e-01
   8.9635000e+02   9.8553153e-01
   8.9645000e+02   9.8592793e-01
   8.9655000e+02   9.8632432e-01
   8.9665000e+02   9.8672072e-01
   8.9675000e+02   9.8711712e-01
   8.9685000e+02   9.8751351e-01
   8.9695000e+02   9.8790991e-01
   8.9705000e+02   9.8830631e-01
   8.9715000e+02   9.8870270e-01
   8.9725000e+02   9.8909910e-01
   8.9735000e+02   9.8949550e-01
   8.9745000e+02   9.8989189e-01
   8.9755000e+02   9.9028829e-01
   8.9765000e+02   9.9068468e-01
   8.9775000e+02   9.9108108e-01
   8.9785000e+02   9.9147748e-01
   8.9795000e+02   9.9187387e-01
   8.9805000e+02   9.9227027e-01
   8.9815000e+02   9.9266667e-01
   8.9825000e+02   9.9306306e-01
   8.9835000e+02   9.9345946e-01
   8.9845000e+02   9.9385586e-01
   8.9855000e+02   9.9425225e-01
   8.9865000e+02   9.9464865e-01
   8.9875000e+02   9.9504505e-01
   8.9885000e+02   9.9544144e-01
   8.9895000e+02   9.9583784e-01
   8.9905000e+02   9.9623423e-01
   8.9915000e+02   9.9663063e-01
   8.9925000e+02   9.9702703e-01
   8.9935000e+02   9.9742342e-01
   8.9945000e+02   9.9781982e-01
   8.9955000e+02   9.9821622e-01
   8.9965000e+02   9.9861261e-01
   8.9975000e+02   9.9900901e-01
   8.9985000e+02   9.9940541e-01